1.420977691752887406e-01,2.154624368105019783e-01,6.060179184631367578e-05,3.042181993173967425e-01,1.417018231277318296e-01,-9.861517446709449075e-01,-3.835774230126888229e-01,0.000000000000000000e+00
1.118802569585916444e-02,8.223757130169520937e-03,4.285152701377202278e-01,-1.686246637763319511e-01,1.974322289061417879e-01,-1.788166201820657664e+00,-9.220134866112045247e-01,0.000000000000000000e+00
-1.920665760222036444e-01,-3.602005623015335223e-01,1.442383247708651117e+00,-7.636374532196372744e-01,2.080475442925054375e-01,-6.674793336006519251e-01,-1.189191987866529798e+00,0.000000000000000000e+00
-3.470912722478440848e-01,-4.753331621239408888e-01,1.039381331937776931e+00,-6.889780537837865149e-01,3.195083558493230225e-01,-9.608179546695410078e-01,-1.229982598745206213e+00,0.000000000000000000e+00
4.452571751276530043e-01,3.305950366329093448e-01,1.374509240841976121e+00,6.666556474877768923e-02,8.051590347754583599e-01,-1.563495485229258408e+00,-4.753562974897086457e-01,0.000000000000000000e+00
-1.610616367770749402e-01,-2.680944824436070628e-01,1.022412830221110402e+00,-5.487088790861244236e-01,1.417018231277318296e-01,-8.254821817673033690e-01,-9.220134866112045247e-01,0.000000000000000000e+00
-5.426684604385623167e-02,-5.318029610844765553e-02,3.776097649877162565e-01,-1.482630093847371877e-01,1.048894258413964574e-03,-7.613534067314146891e-02,-3.856169535566214557e-01,0.000000000000000000e+00
-2.540764545124598039e-01,-3.525250556467065532e-01,8.527278130544274637e-01,-4.717870736067621973e-01,1.151635346618233302e-01,-6.668126549164042904e-01,-8.322741426781191665e-01,0.000000000000000000e+00
6.140618443511278723e-01,6.913438494097854381e-01,1.570192426710294298e-01,9.603159519354904639e-01,5.477376366561405030e-01,-1.106820586519738026e+00,9.563941443518025887e-01,0.000000000000000000e+00
5.486069726114136680e-01,5.301582096584148696e-01,7.212219247502487107e-01,5.779693305821884675e-01,6.538907905197769432e-01,-1.154154773101308651e+00,2.547956372385845603e-01,0.000000000000000000e+00
1.420977691752887406e-01,2.231379434653289473e-01,-5.932915421649082727e-02,1.933603031853751708e-01,-4.406619613363118443e-02,5.618761601516925053e-01,-1.918615518829131783e-01,0.000000000000000000e+00
-2.816364005081292698e-01,-3.064720157177433513e-01,3.648833887002164711e-01,-4.310637648235706165e-01,-1.528731788438581485e-01,-1.322157801531672394e+00,-8.302346121341847018e-01,0.000000000000000000e+00
-3.298663060005504466e-01,-4.139291088853237488e-01,7.212219247502487107e-01,-4.288013587800592052e-01,-1.581808365370405423e-01,1.905361330258488195e-01,-1.366631145188767826e+00,0.000000000000000000e+00
-3.677612317445963508e-01,-3.832270822660144294e-01,2.079247478210333733e-01,-3.383051170396324525e-01,-2.722954769404487552e-01,-3.761407485845051357e-01,-1.093334052301642823e+00,0.000000000000000000e+00
-3.815412047424307507e-01,-3.909025889208414539e-01,1.442928663835249259e-01,-3.315178989091001616e-01,-3.837562884972675059e-01,-5.121432001709901316e-01,-1.189191987866529798e+00,0.000000000000000000e+00
-8.871677853844292527e-02,-2.143659358598182518e-01,1.200582098246126606e+00,-6.278930906089981168e-01,1.974322289061417879e-01,3.232051911910959752e-01,-1.278931331799616933e+00,0.000000000000000000e+00
-2.954163735059637252e-01,-5.597637353270390470e-01,2.006585929787870537e+00,-1.152771292703473449e+00,3.301236712356866443e-01,1.022551130966697697e+00,-1.278931331799616933e+00,0.000000000000000000e+00
2.902324789020119811e-01,1.463828769170578137e-01,1.476320251141988615e+00,-2.297096269511202937e-01,6.777752501390947870e-01,-1.400825886272874410e+00,-7.384557376571649900e-01,0.000000000000000000e+00
-5.082185279439762476e-02,-2.680944824436070628e-01,1.879322166912858139e+00,-9.582043729615553618e-01,5.503914655027323244e-01,-1.288823867319298655e+00,-1.548149363598874784e+00,0.000000000000000000e+00
-7.329305161872161634e-01,-7.593269083525444607e-01,-1.017504085081615550e-01,-9.106938460478316566e-01,-5.562551635256762772e-01,2.678708603985560099e-01,-1.007673769456424617e+00,0.000000000000000000e+00
-2.368514882651661657e-01,-1.222598560018918062e-01,-5.344472022832020830e-01,6.666556474877768923e-02,-3.439488557984035633e-01,-4.188081843763435397e-01,-4.733167669457741811e-01,0.000000000000000000e+00
-2.540764545124598039e-01,-2.297169491694721899e-01,5.096610694185024770e-02,-2.455464692556962314e-01,-2.404495307813578342e-01,-6.748127991273739079e-01,-3.856169535566214557e-01,0.000000000000000000e+00
3.556873506417273512e-01,2.615154767394651802e-01,1.179371471100293611e+00,-2.383067699164910166e-02,6.591984482129592537e-01,-1.956769241066844245e+00,-6.466768631801451672e-01,0.000000000000000000e+00
-9.534100841525720016e-01,-1.020294134616667181e+00,-1.950771679498409239e-01,-1.198019413573685910e+00,-8.561378231904486213e-01,-1.523494764174409877e+00,-9.118158338915358652e-01,0.000000000000000000e+00
5.597293793882168744e-02,1.540583835718848105e-01,-2.247720459540071547e-01,3.630407564486736738e-01,-3.610470959385816969e-02,-1.272823578897359420e+00,-8.302346121341847018e-01,0.000000000000000000e+00
4.624821413749466981e-01,4.610786497649706495e-01,5.897160364460699578e-01,4.625866223631441287e-01,4.309691674061405520e-01,-1.864834250509117330e+00,-2.061382656904489352e-01,0.000000000000000000e+00
-6.295807187034561103e-01,-6.134922819108291625e-01,-2.926460528206821787e-01,-5.283472246945296602e-01,-6.172932269972674080e-01,-2.181379004178534420e-01,-1.189191987866529798e+00,0.000000000000000000e+00
-7.260405296882990189e-01,-6.825718418042733271e-01,-6.192897108665434969e-01,-5.283472246945296602e-01,-8.030612462586305123e-01,-7.974816770289094858e-01,-1.099452643933444440e+00,0.000000000000000000e+00
-2.540764545124598039e-01,-2.911210024080893577e-01,4.666943990002243581e-01,-1.980359423419704168e-01,-9.979660191203996999e-02,-6.308120059670406787e-01,-7.547719820086351561e-01,0.000000000000000000e+00
-4.814460089767328421e-01,-4.139291088853237488e-01,-4.496046936998606136e-01,-2.545960934297379352e-01,-5.137939019802216789e-01,-1.128026683067524100e-01,-6.344396799165420431e-01,0.000000000000000000e+00
-5.813508132110343229e-01,-5.674392419818660160e-01,-2.035614188081741327e-01,-3.948652681273999154e-01,-7.526384981734028923e-01,-1.896768159484571115e+00,-7.180604322178275600e-01,0.000000000000000000e+00
2.213326139128385661e-01,2.922175033587731119e-01,5.945035780018344956e-02,2.906437630563322161e-01,2.982777250765957233e-01,-1.921374317322021019e-01,-3.672611786612186013e-01,0.000000000000000000e+00
-2.609664410113770039e-01,-1.145843493470648233e-01,-7.677641008873934414e-01,2.001475213159054356e-01,-1.926806115427220634e-01,1.465353398655152850e-01,-2.224545100419191845e-01,0.000000000000000000e+00
-3.126413397532573635e-01,-2.987965090629163267e-01,7.641885951685456480e-02,-9.849007642750196023e-02,-2.882184500199947985e-01,-1.050819577042950037e+00,-8.077997761509148056e-01,0.000000000000000000e+00
6.975291093665673958e-02,9.265433033326762879e-02,2.927672564043748427e-01,1.888354910983523482e-01,1.841630846731863724e-01,-1.047486183621712641e+00,-9.804314686195890471e-02,0.000000000000000000e+00
4.383671886287358044e-01,3.382705432877363139e-01,1.230276976250297416e+00,1.820482729678200851e-01,6.008142135879587231e-01,-9.534844891428186919e-01,7.123788828454313826e-02,0.000000000000000000e+00
4.659271346244046597e-01,5.455092229680688076e-01,1.018716120918541773e-01,4.467497800585681911e-01,5.450838078095499029e-01,-5.848111767539649897e-01,2.425584539749814361e-01,0.000000000000000000e+00
7.690865405767682850e-01,6.299397961711682425e-01,1.565404885154496828e+00,4.603242163196327175e-01,1.126272325212958059e+00,-4.961429117490507301e-01,1.548586405858287385e-01,0.000000000000000000e+00
-1.637192029981031360e-02,-3.015377614396672415e-02,4.794207752877241435e-01,6.214075266175483891e-02,7.800993080955001546e-02,-3.921410370064445372e-01,-2.020592046025818378e-01,0.000000000000000000e+00
-1.955115692716622444e-01,-2.987965090629163267e-01,9.927179522169394810e-01,-5.238224126075068376e-01,1.045482192754596945e-01,1.989901901809783880e+00,-8.302346121341847018e-01,0.000000000000000000e+00
-4.504410697316048040e-01,-5.444127220173849979e-01,6.830427958877446359e-01,-6.346803087395304077e-01,-2.722954769404487552e-01,-7.421473462363689100e-01,-4.692377058579070837e-01,0.000000000000000000e+00
-4.642210427294392039e-01,-5.444127220173849979e-01,6.024424127335696877e-01,-6.278930906089981168e-01,-2.669878192472674994e-01,-9.674847415120155780e-01,-4.733167669457741811e-01,0.000000000000000000e+00
-5.813508132110343229e-01,-7.746779216621983988e-01,1.268456105112801602e+00,-1.109785577876770457e+00,-1.528731788438581485e-01,-8.261488604515510037e-01,-1.274852270711748004e+00,0.000000000000000000e+00
2.247776071622971661e-01,2.308134501201559163e-01,4.666943990002243581e-01,5.621324882776125298e-01,3.646234462413681654e-01,6.738781791052683712e-01,2.445979845189140967e-01,0.000000000000000000e+00
9.042287043340838104e-02,-1.480276283431277221e-02,1.170887220241955573e+00,-1.120645126885664727e-01,5.397761501163687026e-01,-3.814741780584849362e-01,-4.651586447700399862e-01,0.000000000000000000e+00
-3.608712452456784847e-01,-3.985780955756697552e-01,3.563991378418785438e-01,-5.713329395212306538e-01,-2.749493057870405210e-01,-1.426826354958526055e+00,-9.118158338915358652e-01,0.000000000000000000e+00
1.765477016698754342e-01,1.540583835718848105e-01,6.406215415960738735e-01,1.639490246197347068e-01,3.566619597015951437e-01,-1.555495341018288791e+00,-5.630561108788613156e-01,0.000000000000000000e+00
4.908295143990447362e-02,5.482504753425440983e-04,7.339483010377485517e-01,-1.324261670801612500e-01,3.142006981561406009e-01,-4.948095543805556273e-01,-4.753562974897086457e-01,0.000000000000000000e+00
-1.981691354926953461e-02,-3.015377614396672415e-02,4.624522735710577259e-01,-1.889863181679287407e-01,8.597141734932303714e-02,-6.641459401794143069e-01,-6.058862523014704182e-01,0.000000000000000000e+00
4.298039196941335661e-03,8.497882367844064588e-02,-1.441716627998322897e-01,1.119136856189900664e-01,-1.604934588176649447e-03,-1.047486183621712641e+00,-1.163989217573635909e-01,0.000000000000000000e+00
-1.438366705297818848e-01,-1.222598560018918062e-01,1.739877443876958474e-01,-9.849007642750196023e-02,3.554866926409547961e-02,1.832026674991265314e-01,-5.385817443516550673e-01,0.000000000000000000e+00
3.212374181471400747e-01,2.691909833942921493e-01,9.036333182044314905e-01,1.028640614449483903e-01,4.654689424118232943e-01,1.261888778611541362e+00,-5.548979887031253444e-01,0.000000000000000000e+00
-1.231667110330296327e-01,3.892578374947742309e-02,-7.295849720248892556e-01,1.956227092288845837e-01,-3.864101173438581061e-01,2.772043619780202306e-01,-2.462004728034377851e-02,0.000000000000000000e+00
-1.782866030243685784e-01,-2.143659358598182518e-01,5.133577787210616972e-01,-2.817449659518669325e-01,-1.581808365370405423e-01,-2.481384412089900626e-01,-3.754193008369527962e-01,0.000000000000000000e+00
-1.128317312846538051e-01,3.125027709465044712e-02,-6.489845888707144184e-01,2.544452663601615150e-01,-3.864101173438581061e-01,-1.479493971014076648e+00,1.609772322176303005e-01,0.000000000000000000e+00
6.286292443773890126e-02,1.617338902267117795e-01,-2.205299205248405503e-01,1.662114306632461458e-01,-1.236810615313578554e-01,-1.178155205734217725e+00,6.307976610880892954e-02,0.000000000000000000e+00
-1.335016907814054465e-01,-1.606373892760280531e-01,4.582101481418911493e-01,-5.441840669991035995e-01,3.142006981561406009e-01,-5.988114291231618758e-01,-7.425347987450338083e-01,0.000000000000000000e+00
2.496799869369359728e-02,-9.923333603741087139e-02,1.255729728825297098e+00,-5.532336911731452478e-01,4.070847077868227082e-01,-1.705498044973970728e+00,-6.527954548119466738e-01,0.000000000000000000e+00
1.834376881687932725e-01,1.617338902267117795e-01,6.236530398794074559e-01,7.571518892281935142e-02,4.256615097129593517e-01,-1.134154412573884496e+00,-3.794983619248198936e-01,0.000000000000000000e+00
-9.430751044041961739e-01,-8.360819749008155943e-01,-1.348935284683283831e+00,-1.062275050963046752e+00,-6.013702539177213646e-01,-1.465493718644879761e+00,-1.813288334310265482e+00,0.000000000000000000e+00
-1.180779638616844984e+00,-1.304287880845272030e+00,-1.144767847956660728e-01,-1.403898363533157001e+00,-1.084367103997266213e+00,-6.668126549164042904e-01,-1.633809646444092989e+00,0.000000000000000000e+00
-1.246234510356559966e+00,-1.480824533906295315e+00,5.515369075835657720e-01,-1.643713404145287660e+00,-1.007406067446130038e+00,-9.541511678270661045e-01,-1.438014714226450330e+00,0.000000000000000000e+00
-8.569502731677292040e-01,-1.050996161235976389e+00,9.036333182044314905e-01,-1.250054752574432548e+00,-5.748319654518129207e-01,-3.201397391077171473e-01,-1.637888707531960142e+00,0.000000000000000000e+00
-5.606808537142821125e-01,-5.520882286722120780e-01,-1.272031610831658721e-01,-5.283472246945296602e-01,-5.005247577472674569e-01,3.045381880321669787e-01,-6.527954548119466738e-01,0.000000000000000000e+00
-7.122605566904645080e-01,-7.593269083525444607e-01,2.551335436685063518e-02,-8.292472284814484951e-01,-6.172932269972674080e-01,-1.682830969709556479e+00,-1.276891801255682468e+00,0.000000000000000000e+00
-6.778106241958772316e-01,-8.130554549363346872e-01,7.169797993210821341e-01,-1.107523171833259212e+00,-3.704871442643120627e-01,-8.988168370345258618e-01,-1.633809646444092989e+00,0.000000000000000000e+00
-1.748416097749099785e-01,-1.452863759663740872e-01,6.793460865852136987e-02,3.318195530477928423e-03,-1.820652961563584415e-01,-1.591495989967652624e+00,-5.263445610880519432e-01,0.000000000000000000e+00
-2.885263870070465253e-01,-2.066904292049912828e-01,-3.605200596873525121e-01,-4.419233138324588084e-02,-2.669878192472674994e-01,-9.888184594079347800e-01,-5.630561108788613156e-01,0.000000000000000000e+00
-1.645066300265341508e-01,-1.299353626567187892e-01,6.793460865852136987e-02,-1.346885731236726613e-01,-2.802569634802217768e-01,-1.490827508646283661e+00,-2.204149794979865240e-01,0.000000000000000000e+00
-7.294855229377575911e-01,-6.211677885656561315e-01,-1.068955006358255133e+00,-4.898863219548475478e-01,-9.994445809063571273e-01,-1.114693109382576125e-01,-6.956255962345557764e-01,0.000000000000000000e+00
9.585611692969960851e-01,1.090470195460796266e+00,-1.568980390873367936e-01,1.272527985939962303e+00,8.025052059288677597e-01,2.505372146081212281e-01,1.329628233891683387e+00,1.000000000000000000e+00
6.864067025897605534e-01,8.525294891611546744e-01,-3.690043105456904393e-01,8.358836195424043103e-01,5.981603847413681230e-01,6.498777464723589636e-01,9.563941443518025887e-01,1.000000000000000000e+00
8.310964190670256935e-01,8.985825290901178208e-01,2.248932495376997631e-01,7.906354986721899625e-01,8.900815578663674454e-01,5.592094454147022997e-01,7.809945175734990253e-01,1.000000000000000000e+00
1.468420170216881093e+00,1.305384381795957172e+00,1.573889136012829981e+00,1.188818962330067786e+00,1.781768050320912788e+00,-5.094764854340002591e-01,1.368379314226425336e+00,1.000000000000000000e+00
6.795167160908432979e-01,7.297213826839202833e-01,3.224621344085457642e-01,8.788693343691073023e-01,6.034680424345505445e-01,2.025363493423029404e-01,8.829710447701875076e-01,1.000000000000000000e+00
6.622917498435496597e-01,8.141519558870183859e-01,-3.053724291081820197e-01,6.752527904531455683e-01,4.760842577981869161e-01,8.132140241129904856e-01,7.891526397492332201e-01,1.000000000000000000e+00
8.517663785637773488e-01,1.036741648877006261e+00,-4.708153208456983263e-01,9.852024184141080498e-01,3.832002481675048089e-01,8.253418617775760968e-02,1.048173018828822523e+00,1.000000000000000000e+00
2.019619090130270855e+00,2.049908527314189044e+00,2.248932495376997631e-01,2.150341530822100999e+00,1.473923904116367423e+00,5.005417212009244388e-01,2.127084676569790389e+00,1.000000000000000000e+00
1.409855284976084144e+00,1.481921034856978903e+00,1.697456189585292430e-01,1.847179120991673029e+00,1.009503855962958108e+00,9.092157546446270056e-01,1.945566458159684986e+00,1.000000000000000000e+00
7.828665135746040171e-01,7.604234093032296027e-01,7.721274299002526265e-01,5.010475251028242427e-01,8.157743501618219817e-01,-5.614774228053032168e-01,6.892156430964792024e-01,1.000000000000000000e+00
5.796119118565418171e-01,5.992377695518589231e-01,4.794207752877241435e-01,5.576076761905917056e-01,5.530452943493229245e-01,1.221221378872445307e+00,9.625127359836042062e-01,1.000000000000000000e+00
1.334065433487992447e+00,1.251655835212166945e+00,1.132708091379456272e+00,8.539828678904897163e-01,1.588038544519776663e+00,1.082552212548970383e+00,9.604732054396697416e-01,1.000000000000000000e+00
1.843924434407877344e+00,1.788941301050066102e+00,7.806116807585858908e-01,1.485194154029965796e+00,1.606615346445912307e+00,9.818837312276017526e-01,1.588648612971274465e+00,1.000000000000000000e+00
1.626889859691980744e+00,1.673808701227657458e+00,2.927672564043748427e-01,1.709172352337522405e+00,1.362463092559548672e+00,-1.485494079172303916e+00,1.764048239749578029e+00,1.000000000000000000e+00
1.606219900195229089e+00,1.650782181263177995e+00,2.970093818335414193e-01,1.668449043554328881e+00,1.439424129110685957e+00,-4.921428396435657548e-01,1.584569551883405536e+00,1.000000000000000000e+00
1.179040737262351923e+00,1.174900768663894368e+00,6.788006704585779483e-01,1.231804677156770778e+00,1.041349802122048862e+00,-8.381490767680054299e-01,1.609043918410611784e+00,1.000000000000000000e+00
1.389185325479331379e+00,1.305384381795957172e+00,1.098771087946118774e+00,1.030450539284320399e+00,1.341232461786821428e+00,-1.367491952060500671e+00,1.429565230544439292e+00,1.000000000000000000e+00
1.423635257973918655e+00,1.612404647989041706e+00,-5.089944497082024011e-01,2.082469349516782753e+00,1.091772550207276593e+00,-6.134078827156590023e-03,2.222942612134678697e+00,1.000000000000000000e+00
2.181533772854828523e+00,2.034557514004534884e+00,1.183613596529460077e+00,2.136767094561038860e+00,2.055112421519776689e+00,1.386557692565819400e+00,1.678387956904359823e+00,1.000000000000000000e+00
2.078183975371067582e+00,1.911749407527300493e+00,1.361782864554476280e+00,1.858491151209225922e+00,2.052458592673184867e+00,8.772151778007480916e-01,1.861945705858399469e+00,1.000000000000000000e+00
1.809474501913291400e+00,1.865696367598336014e+00,1.527771172418628254e-01,2.154866342909123933e+00,1.396962867565231248e+00,-1.163488274680773316e+00,2.123005615481923236e+00,1.000000000000000000e+00
1.347845406485828068e+00,1.259331341866992471e+00,1.162402969383622420e+00,1.229542271113259311e+00,1.426154984877730403e+00,-3.868076075324647367e-01,1.315351520084147685e+00,1.000000000000000000e+00
1.365070372733120374e+00,1.328410901760436635e+00,8.315171859085898065e-01,1.455782875464327386e+00,1.152810613678867835e+00,-3.088062014755101337e-01,1.315351520084147685e+00,1.000000000000000000e+00
1.289280521245029787e+00,1.144198742044586492e+00,1.510257254575321451e+00,9.241174552393197628e-01,1.596000031059548574e+00,1.533893681784511465e+00,9.563941443518025887e-01,1.000000000000000000e+00
1.210045676507480072e+00,1.504947554821461253e+00,-1.094407758933259478e+00,2.347170856607530887e+00,6.008142135879587231e-01,8.218808470082075157e-01,2.120966084937990548e+00,1.000000000000000000e+00
6.967416823381369362e-01,8.371784758515007363e-01,-2.629511748165112572e-01,1.154882871677408440e+00,5.424299789629593027e-01,-2.800685405918988766e-03,1.139951893305842123e+00,1.000000000000000000e+00
1.537320035206054536e+00,1.558676101405251480e+00,4.454837718543866454e-01,1.611888892466563306e+00,1.463308588730003690e+00,-1.488033172561162576e-01,1.692664670711897301e+00,1.000000000000000000e+00
1.423635257973918655e+00,1.543325088095597541e+00,-9.750828307899495062e-02,1.856228745165714678e+00,7.786207463095499159e-01,-1.037486003358000453e+00,2.131163737657658874e+00,1.000000000000000000e+00
1.144590804767765757e+00,1.305384381795957172e+00,-3.096145545373485963e-01,1.453520469420815919e+00,6.724675924459135867e-01,-5.648108162265405019e-01,1.764048239749578029e+00,1.000000000000000000e+00
1.334065433487992447e+00,1.366788435034572924e+00,4.242731447085535956e-01,1.335875355158262057e+00,1.128926154059549880e+00,-1.008152141251111633e+00,1.405090864017234820e+00,1.000000000000000000e+00
5.382719928630372852e-01,5.301582096584148696e-01,6.618321687419116417e-01,2.024099273594168469e-01,7.069673674515950523e-01,3.445389090870152327e-01,4.281557334729555464e-01,1.000000000000000000e+00
1.082580926277508349e+00,9.983641156028699726e-01,1.196339972816959918e+00,5.915437668432510510e-01,1.155464442525458324e+00,-1.088153583360808696e+00,8.748129225944514253e-01,1.000000000000000000e+00
1.588994933947935451e+00,1.489596541511807315e+00,1.166645094812789107e+00,1.096060314546131620e+00,1.680922554150457549e+00,4.052066693535356090e-01,1.225612176151062327e+00,1.000000000000000000e+00
1.492535122963092098e+00,1.589378128024559356e+00,2.975547979601723611e-02,1.675236261684861061e+00,1.120964667519776858e+00,-2.288047593658130430e-01,1.674308895816492671e+00,1.000000000000000000e+00
1.413300278225542161e+00,1.428192488273191563e+00,5.048735278627284329e-01,1.401485130420071279e+00,1.317348002167503473e+00,-2.214712938390910324e-01,1.509106921757855879e+00,1.000000000000000000e+00
1.371960359232037741e+00,1.328410901760436635e+00,8.781805656294318085e-01,9.241174552393197628e-01,1.399616696411821959e+00,-7.648144215007832702e-01,9.604732054396697416e-01,1.000000000000000000e+00
1.378850345730956217e+00,1.236304821902513007e+00,1.467836000283650799e+00,1.184294150243047072e+00,1.452693273343640179e+00,-5.714776030690154052e-01,1.615162510042413402e+00,1.000000000000000000e+00
9.585611692969960851e-01,9.983641156028699726e-01,3.818518904168828887e-01,9.150678310652780034e-01,8.343511520879587362e-01,3.119992749070205421e-02,1.062449732636360000e+00,1.000000000000000000e+00
1.754354609921952468e+00,1.811967821014548452e+00,1.782298698168624518e-01,2.367532510999125428e+00,1.338578632940230717e+00,-2.988060212117982228e-01,2.328998200419234443e+00,1.000000000000000000e+00
1.275500548247195498e+00,1.274682355176646631e+00,6.575900433127402911e-01,1.186556556286556319e+00,1.102387865593640104e+00,-1.308157549162475508e+00,9.910661635986774964e-01,1.000000000000000000e+00
1.241050615752608000e+00,1.197927288628376719e+00,8.951490673460982261e-01,1.082485878285067038e+00,1.354501606019776760e+00,-9.768182430914803538e-01,7.871131092052987555e-01,1.000000000000000000e+00
1.561434987952265319e+00,1.658457687918003520e+00,2.551335436685063518e-02,1.525917462813157321e+00,1.412885840644776181e+00,-1.480090172237370078e-02,1.135872832217975192e+00,1.000000000000000000e+00
1.475310156715798460e+00,1.343761915070090573e+00,1.378751366271142587e+00,1.254428737591877008e+00,1.707460842616367325e+00,-1.060819757306662225e+00,1.052252079916691230e+00,1.000000000000000000e+00
1.478755149965257587e+00,1.574027114714905418e+00,5.096610694185024770e-02,1.426371596898688976e+00,1.269579082928867786e+00,1.987901865757041975e+00,1.315351520084147685e+00,1.000000000000000000e+00
2.109188914616195731e+00,2.065259540623842760e+00,6.321372907377406092e-01,2.114143034125930409e+00,1.943651609962957938e+00,6.512111038408537889e-01,1.851748053138730699e+00,1.000000000000000000e+00
1.451195203969587455e+00,1.451219008237671027e+00,6.109266635919029520e-01,1.781569345729863807e+00,1.221810163690230766e+00,-9.681514201962629906e-01,1.539699879916863745e+00,1.000000000000000000e+00
1.416745271475001511e+00,1.259331341866992471e+00,1.556920634296158790e+00,9.557911398484696397e-01,1.694191698383411993e+00,4.225403151439697802e-01,6.973737652722133973e-01,1.000000000000000000e+00
1.482200143214715604e+00,1.451219008237671027e+00,7.636431790419194732e-01,1.394697912289539099e+00,1.476577732962957912e+00,-4.108080401653738667e-01,1.584569551883405536e+00,1.000000000000000000e+00
1.392630318728790506e+00,1.282357861831474821e+00,1.264213979683634914e+00,1.353974603506347352e+00,1.354501606019776760e+00,-4.080137040802533227e-02,1.137912362761909657e+00,1.000000000000000000e+00
1.785359549167080395e+00,1.796616807704891849e+00,4.285152701377202278e-01,1.955774611080185021e+00,1.588038544519776663e+00,-4.248082925345707528e-01,1.859906175314466781e+00,1.000000000000000000e+00
1.857704407405711855e+00,1.804292314359720262e+00,7.933380570460903947e-01,1.553066335335286485e+00,1.866690573411821763e+00,1.467225813359763542e+00,1.590688143515207154e+00,1.000000000000000000e+00
1.134255825019389485e+00,1.197927288628376719e+00,2.630723784002039212e-01,9.738903881965549347e-01,8.078128636220501813e-01,-5.413494409297454901e-02,1.229691237238929480e+00,1.000000000000000000e+00
4.555921548760294426e-01,6.299397961711682425e-01,-5.174787005665356654e-01,3.019557932738853312e-01,3.407389866220502661e-01,3.905397383000909772e-01,6.015158297073265325e-01,1.000000000000000000e+00
1.234160629253690855e+00,1.082794688805969407e+00,1.556920634296158790e+00,7.951603107592127850e-01,1.359809263712957961e+00,-4.774759085901214561e-01,1.013500999581949280e+00,1.000000000000000000e+00
3.935822763857726447e-01,2.538399700846382112e-01,1.501773003716988297e+00,-6.007442180868690640e-01,8.582356117072765800e-01,-2.428050117350102621e-01,-5.385817443516550673e-01,1.000000000000000000e+00
1.344400413236368719e+00,1.243980328557338533e+00,1.226034850821130950e+00,1.091535502459108686e+00,1.619884490678867639e+00,3.252052272438384906e-01,1.190940156904187308e+00,1.000000000000000000e+00
1.309950480741781442e+00,1.420516981618363150e+00,-5.084490335815761847e-02,1.485194154029965796e+00,8.900815578663674454e-01,4.605410001460761293e-01,1.415288516736903368e+00,1.000000000000000000e+00
1.079135933028050554e+00,9.906886089480428925e-01,1.200582098246126606e+00,7.928979047157014293e-01,1.136887640599321792e+00,-9.621513120380358330e-01,1.042054427197020905e+00,1.000000000000000000e+00
1.830144461410043055e+00,1.896398394217646555e+00,1.061137375210255002e-01,2.001022731950397482e+00,1.365116921406140493e+00,-1.193488815471909881e+00,1.584569551883405536e+00,1.000000000000000000e+00
9.310012233013271743e-01,8.448539825063277053e-01,1.192097847387793452e+00,3.675655685356964963e-01,1.144849127139094813e+00,1.110552717287364155e+00,5.158555468621064399e-01,1.000000000000000000e+00
1.189375717010728417e+00,1.021390635567352101e+00,1.688426522600342317e+00,7.928979047157014293e-01,1.317348002167503473e+00,-5.754776751745001029e-01,1.129754240586173575e+00,1.000000000000000000e+00
1.409855284976084144e+00,1.351437421724918986e+00,9.842337013586063277e-01,1.166194901894961555e+00,1.503116021428867688e+00,-5.281434885929295886e-01,1.103240343515034638e+00,1.000000000000000000e+00
1.834376881687932725e-01,2.615154767394651802e-01,-1.690789992482009604e-02,5.779693305821884675e-01,2.493335387773184739e-02,5.078751867276467546e-01,7.891526397492332201e-01,1.000000000000000000e+00
4.521471616265702598e-01,5.915622628970319541e-01,-2.799196765331823933e-01,4.897354948852711276e-01,3.619696173947775653e-01,3.772061646151417258e-01,7.891526397492332201e-01,1.000000000000000000e+00
2.454475666590494320e-01,2.538399700846382112e-01,4.794207752877241435e-01,3.336294778830352081e-01,3.964693924004590309e-01,8.478813156938594942e-01,8.952082280337906317e-01,1.000000000000000000e+00
1.834376881687932725e-01,7.730331702361367685e-02,1.187855721958626765e+00,-3.428299291266532767e-01,5.477376366561405030e-01,-6.680183909367666539e-02,6.307976610880892954e-02,1.000000000000000000e+00
8.655463515616118597e-01,9.216090490545988390e-01,3.182200089793744135e-01,1.168457307938471024e+00,8.370049809345493363e-01,-1.161360617279900143e-01,1.148110015481578206e+00,1.000000000000000000e+00
2.488925599085080598e-01,4.534031431101436804e-01,-7.762483517457265947e-01,6.594159481485716290e-01,-7.325831344613147056e-02,-7.068133759712528219e-01,9.604732054396697416e-01,1.000000000000000000e+00
2.592275396568838874e-01,4.227011164908344165e-01,-5.514157039998731635e-01,4.603242163196327175e-01,7.270227311636878742e-02,-6.501456878102174208e-01,7.014528263600805502e-01,1.000000000000000000e+00
4.762621143727810979e-01,4.764296630746246430e-01,5.939581618752365344e-01,5.508204580600595257e-01,5.663144385822772575e-01,4.586685854414666863e-02,1.048173018828822523e+00,1.000000000000000000e+00
-6.123557524561624721e-01,-4.906841754335948269e-01,-9.756282469165804550e-01,-3.541419593442063918e-01,-7.022157500881753833e-01,1.069218638864021242e+00,-2.665957782427823622e-02,2.000000000000000000e+00
-5.262309212196953911e-01,-4.753331621239408888e-01,-4.114255648373612018e-01,-1.980359423419704168e-01,-4.925632712074944353e-01,2.223239441296400720e+00,6.511929665274338030e-02,2.000000000000000000e+00
-5.193409347207781357e-01,-4.676576554691139198e-01,-3.817306868331902803e-01,-5.419216609555922437e-01,-4.899094423609038351e-01,1.529893609679026323e+00,-2.061382656904489352e-01,2.000000000000000000e+00
-9.051801786601503252e-01,-9.512145747232230164e-01,-2.459826730998448674e-01,-9.152186581348524808e-01,-7.738691289461301359e-01,1.179220621764854648e+00,-3.815378924687543583e-01,2.000000000000000000e+00
-1.042979908638497655e+00,-8.898105214846058209e-01,-1.849506085324994720e+00,-7.116021142188926341e-01,-1.278096609798402339e+00,5.138752948858742453e-01,-4.692377058579070837e-01,2.000000000000000000e+00
-1.253124496855477110e+00,-1.097049201164938204e+00,-2.303413506245872711e+00,-7.907863257417663272e-01,-1.516941205991584551e+00,1.645895700738086775e+00,-2.714032430963298492e-01,2.000000000000000000e+00
-1.177334645367386523e+00,-1.097049201164938204e+00,-1.590736434145803679e+00,-1.023814148223364473e+00,-1.432018682900675577e+00,-9.861517446709449075e-01,-5.630561108788613156e-01,2.000000000000000000e+00
-8.121653609247659888e-01,-8.437574815556425634e-01,-2.205299205248405503e-01,-8.179351982638933816e-01,-7.738691289461301359e-01,4.805413606735005616e-01,-8.281950815902521246e-01,2.000000000000000000e+00
-7.398205026861339739e-01,-6.518698151849641187e-01,-9.289648671957431159e-01,-5.487088790861244236e-01,-9.224835443552210634e-01,-2.934725917378184223e-01,-1.877824907950460809e-01,2.000000000000000000e+00
-1.397814213332742250e+00,-1.250559334261481803e+00,-2.557941031995897507e+00,-7.048148960883604541e-01,-1.620440531008629170e+00,1.174553870975121761e+00,-4.366052171549665850e-01,2.000000000000000000e+00
-1.039534915389038972e+00,-1.020294134616667181e+00,-9.077542400499054587e-01,-8.269848224379370283e-01,-1.110905392463175767e+00,9.965506622810463844e-01,-2.061382656904489352e-01,2.000000000000000000e+00
-9.775250368987828953e-01,-7.977044416266807492e-01,-1.955559221054173902e+00,-5.057231642594214316e-01,-1.280750438644993938e+00,2.194572257873759202e+00,-2.816008958160003406e-01,2.000000000000000000e+00
-8.914002056623158143e-01,-7.363003883880635536e-01,-1.599220685004136833e+00,-4.989359461288892517e-01,-1.129482194389311411e+00,7.038787198964047143e-01,-9.804314686195890471e-02,2.000000000000000000e+00
-1.263459476603853604e+00,-1.166128761058383700e+00,-1.883443088758332218e+00,-9.242682823088961275e-01,-1.501018232912038508e+00,-2.454717264720001624e-01,-8.302346121341847018e-01,2.000000000000000000e+00
-1.201449598113597306e+00,-1.158453254403555510e+00,-1.391356538974954482e+00,-1.026076554266875940e+00,-1.336480844423402869e+00,2.318702114491921762e-01,-2.958776096235360975e-01,2.000000000000000000e+00
-1.260014483354394921e+00,-1.158453254403555510e+00,-1.938590719337502710e+00,-8.563961010035755494e-01,-1.548787152150675528e+00,1.408558089145985681e+00,-3.856169535566214557e-01,2.000000000000000000e+00
-1.208339584612514672e+00,-1.296612374190445172e+00,-4.835416971331981117e-01,-1.302090091575177189e+00,-1.087020932843856702e+00,-2.354715462082879462e-01,-8.261555510463176599e-01,2.000000000000000000e+00
-9.361851179052783634e-01,-6.365188018753101806e-01,-2.668236293154238492e+00,-5.306096307380391286e-01,-1.363019132889311313e+00,7.498795491094805143e-01,-3.835774230126888229e-01,2.000000000000000000e+00
-1.067094861384708659e+00,-7.977044416266807492e-01,-2.663994167725071804e+00,-4.174893285625061456e-01,-1.540825665610902506e+00,4.518741772508590437e-01,-2.000196740586492050e-01,2.000000000000000000e+00
-1.156664685870634202e+00,-1.027969641271494039e+00,-1.896169465045832059e+00,-7.342261746539988643e-01,-1.495710575218857308e+00,1.125219648340808787e+00,-2.000196740586492050e-01,2.000000000000000000e+00
-7.949403946774730167e-01,-6.825718418042733271e-01,-1.208945145520767150e+00,-4.016524862579322064e-01,-1.007406067446130038e+00,-4.121413975338689695e-01,1.691353543933645232e-01,2.000000000000000000e+00
-9.740800436493243231e-01,-9.435390680683960474e-01,-8.780593620457392001e-01,-6.301554966525095836e-01,-1.190520257860902431e+00,3.805395580363790664e-01,-2.040987351465163024e-01,2.000000000000000000e+00
-9.637450639009478293e-01,-8.821350148297788518e-01,-1.247124274383271336e+00,-8.179351982638933816e-01,-1.092328590537039235e+00,8.585481746418190951e-01,-7.384557376571649900e-01,2.000000000000000000e+00
-7.914954014280137784e-01,-7.593269083525444607e-01,-6.447424634415478417e-01,-6.686163993921897530e-01,-7.712153000995395358e-01,4.792080033050051813e-01,-4.733167669457741811e-01,2.000000000000000000e+00
-1.277239449601687893e+00,-1.358016427429062256e+00,-6.447424634415478417e-01,-1.397111145402624821e+00,-1.232981519406357140e+00,1.791898332588284015e+00,-7.323371460253633725e-01,2.000000000000000000e+00
-9.465200976536548572e-01,-1.081698187855284266e+00,3.521570124127119672e-01,-1.184444977312621328e+00,-8.428686789574943994e-01,-9.994853183558943810e-01,-7.180604322178275600e-01,2.000000000000000000e+00
-8.293903271720596271e-01,-7.439758950428905226e-01,-1.051986504641588827e+00,-7.002900840013396300e-01,-9.596371482074943504e-01,8.158807388499806912e-01,-2.816008958160003406e-01,2.000000000000000000e+00
-9.292951314063611079e-01,-8.514329882104708647e-01,-1.132586887795758779e+00,-4.785742917372944327e-01,-1.118866879002947679e+00,-4.146804909227273100e-02,-1.429128188285024859e-01,2.000000000000000000e+00
-1.204894591363055989e+00,-1.104724707819766616e+00,-1.777389953029157699e+00,-1.023814148223364473e+00,-1.567363954076810950e+00,4.245403511967122956e-01,-5.630561108788613156e-01,2.000000000000000000e+00
-1.242789517107101283e+00,-1.196830787677691577e+00,-1.488925423845795848e+00,-1.218381067965282671e+00,-1.442633998287039088e+00,-1.194694551492273271e-01,-6.527954548119466738e-01,2.000000000000000000e+00
-1.318579368595192536e+00,-1.196830787677691577e+00,-2.210086746804198476e+00,-6.867156477402750481e-01,-1.479787602139311264e+00,2.023235836022158285e+00,-4.998306640169130621e-01,2.000000000000000000e+00
-1.135994726373881880e+00,-1.120075721129420554e+00,-1.081681382645754974e+00,-1.044175802614961457e+00,-1.097636248230220435e+00,2.009902262337208256e+00,-9.220134866112045247e-01,2.000000000000000000e+00
-1.232454537358725455e+00,-1.219857307642172595e+00,-1.234397898095771495e+00,-1.222905880052303607e+00,-1.315250213650675626e+00,4.058733480377832992e-01,-8.322741426781191665e-01,2.000000000000000000e+00
-1.187669625115762351e+00,-1.135426734439074492e+00,-1.421051416979120852e+00,-1.114310389963791392e+00,-1.315250213650675626e+00,1.258555385190303966e+00,-6.507559242680122091e-01,2.000000000000000000e+00
-1.384034240334907295e+00,-1.227532814296999675e+00,-2.591878035429235005e+00,-7.930487317852777940e-01,-1.639017332934765703e+00,9.878838393858292433e-01,-4.549609920503712712e-01,2.000000000000000000e+00
-1.394369220083283123e+00,-1.526877573835258461e+00,-5.089944497082024011e-01,-1.464983326707945510e+00,-1.161328140548402166e+00,7.152122575286113948e-01,-7.037837184102918586e-01,2.000000000000000000e+00
-1.235899530608184138e+00,-1.189155281022864719e+00,-1.505893925562462154e+00,-1.001190087788258465e+00,-1.455903142519993310e+00,1.089885678075692699e+00,-6.446373326362124789e-01,2.000000000000000000e+00
-1.415039179580035444e+00,-1.404069467358024070e+00,-1.616189186720808024e+00,-1.093948735572196629e+00,-1.636363504088175214e+00,6.678780709470408805e-01,-9.077367728036688233e-01,2.000000000000000000e+00
-1.160109679120092885e+00,-1.158453254403555510e+00,-1.005323124920746602e+00,-1.014764524049322825e+00,-1.328519357883629848e+00,1.450558846253577006e+00,-8.281950815902521246e-01,2.000000000000000000e+00
-9.086251719096088975e-01,-8.360819749008155943e-01,-1.090165633504088127e+00,-6.143186543479336459e-01,-9.702524635938579722e-01,-1.359491807849531053e+00,-4.692377058579070837e-01,2.000000000000000000e+00
-1.184224631866303667e+00,-1.235208320951827865e+00,-6.362582125832146884e-01,-1.218381067965282671e+00,-1.283404267491584649e+00,8.378811354301469727e-01,-1.189191987866529798e+00,2.000000000000000000e+00
-8.225003406731418165e-01,-8.821350148297788518e-01,-1.690789992482009604e-02,-8.880697856127254264e-01,-6.411776866165853628e-01,8.578814959575713495e-01,-5.324631527198535608e-01,2.000000000000000000e+00
-9.155151584085267080e-01,-9.205125481039150293e-01,-5.556578294290397402e-01,-8.790201614386817797e-01,-9.277912020484034850e-01,7.712132670053997163e-01,-5.100283167365817771e-01,2.000000000000000000e+00
-1.101544793879295270e+00,-1.143102241093901572e+00,-5.726263311457061578e-01,-1.177657759182091146e+00,-1.084367103997266213e+00,1.005884163860510494e+00,-5.569375192470598090e-01,2.000000000000000000e+00
-6.743656309464186593e-01,-6.058167752560021935e-01,-7.168585957373895257e-01,-3.021066203434616959e-01,-6.172932269972674080e-01,1.656562559686046265e+00,-1.877824907950460809e-01,2.000000000000000000e+00
-1.132549733124423419e+00,-9.588900813780499854e-01,-2.171907617941694291e+00,-6.007442180868690640e-01,-1.527556521377948284e+00,2.412037130286569797e-01,-4.610795836821710569e-01,2.000000000000000000e+00
-1.046424901887956338e+00,-8.514329882104708647e-01,-2.171907617941694291e+00,-4.876239159113361366e-01,-1.439980169440447266e+00,7.985470930595458539e-01,-1.143593912134291263e-01,2.000000000000000000e+00
-1.356474294339237829e+00,-1.350340920774233844e+00,-1.433777793266620693e+00,-1.222905880052303607e+00,-1.548787152150675528e+00,3.192051190856115550e-01,-9.220134866112045247e-01,2.000000000000000000e+00
-1.246234510356559966e+00,-1.334989907464579906e+00,-4.920259479915313205e-01,-1.220643474008792140e+00,-1.161328140548402166e+00,2.549245317893416019e+00,-9.199739560672719474e-01,2.000000000000000000e+00
-1.466714078321915693e+00,-1.649685680312492853e+00,-2.629511748165112572e-01,-1.650500622275819840e+00,-1.251558321332493673e+00,8.498813517466013989e-01,-1.252417434728477996e+00,2.000000000000000000e+00
-1.349584307840320463e+00,-1.350340920774233844e+00,-1.357419535541616984e+00,-1.317926933879751239e+00,-1.437326340593856777e+00,1.131886435183283357e+00,-7.404952682010993437e-01,2.000000000000000000e+00
-1.232454537358725455e+00,-1.304287880845272030e+00,-6.235318362957148475e-01,-1.216118661921771205e+00,-1.206443230940448474e+00,1.898694543416011293e-01,-8.302346121341847018e-01,2.000000000000000000e+00
-1.025754942391204683e+00,-1.181479774368037639e+00,3.606412632710451760e-01,-1.123360014137835039e+00,-8.110227327984035339e-01,-6.880187514641916691e-02,-5.630561108788613156e-01,2.000000000000000000e+00
-1.387479233584365979e+00,-1.327314400809753048e+00,-1.925864343050002869e+00,-1.014764524049322825e+00,-1.668209450247266190e+00,7.685465522684095108e-01,-6.507559242680122091e-01,2.000000000000000000e+00
-9.430751044041961739e-01,-9.895921079973591938e-01,-3.011303036790153875e-01,-8.880697856127254264e-01,-7.526384981734028923e-01,2.878712209259798316e-01,-8.077997761509148056e-01,2.000000000000000000e+00
-7.053705701915466975e-01,-8.360819749008155943e-01,6.363794161669072968e-01,-1.060012644919535285e+00,-3.519103423381765849e-01,7.818801259533593173e-01,-1.007673769456424617e+00,2.000000000000000000e+00
-7.088155634410059358e-01,-7.900289349718537801e-01,3.224621344085457642e-01,-9.152186581348524808e-01,-5.429860192927220552e-01,1.188554123344318869e+00,-9.179344255233374827e-01,2.000000000000000000e+00
-5.090059549724023080e-01,-5.981412686011752244e-01,5.897160364460699578e-01,-6.980276779578281632e-01,-3.466026846449941634e-01,6.465443530511216785e-01,-6.466768631801451672e-01,2.000000000000000000e+00
-7.673804486818034398e-01,-6.825718418042733271e-01,-9.713861214874138783e-01,-4.944111340418683720e-01,-9.224835443552210634e-01,-2.628053722624343891e-01,-3.611425870294170393e-01,2.000000000000000000e+00
-7.191505431893817635e-01,-9.051615347942597589e-01,1.077560460800280895e+00,-1.256841970704962730e+00,-2.749493057870405210e-01,-5.814777833327277046e-01,-1.178994335146861028e+00,2.000000000000000000e+00
-8.500602866688112824e-01,-8.591084948652979447e-01,-4.283940665540275639e-01,-9.265306883524054848e-01,-7.154848943211308265e-01,1.181220657817596997e+00,-7.404952682010993437e-01,2.000000000000000000e+00
-7.501554824345098016e-01,-9.512145747232230164e-01,1.132708091379456272e+00,-1.458196108577413108e+00,-3.280258827188586856e-01,-9.334841286153945372e-01,-1.352354431381232125e+00,2.000000000000000000e+00
-1.263459476603853604e+00,-1.411744974012851150e+00,-1.272031610831658721e-01,-1.401635957489645756e+00,-1.190520257860902431e+00,2.338702475019346916e-01,-1.183073396234728181e+00,2.000000000000000000e+00
-7.398205026861339739e-01,-8.821350148297788518e-01,6.957691721752443659e-01,-1.007977305918790645e+00,-4.447943519688575265e-01,3.170589851612062304e+00,-8.322741426781191665e-01,2.000000000000000000e+00
-8.535052799182705208e-01,-8.360819749008155943e-01,-6.065633345790437669e-01,-9.604667790050668286e-01,-7.924459308722667794e-01,1.458686611812678724e-01,-8.302346121341847018e-01,2.000000000000000000e+00
-9.155151584085267080e-01,-1.043320654581149309e+00,3.097357581210412047e-01,-1.112047983920281924e+00,-7.367155250938580702e-01,-4.613479988200513277e-02,-1.097413113389509975e+00,2.000000000000000000e+00
-1.246234510356559966e+00,-1.288936867535616759e+00,-8.441223586124017020e-01,-1.105260765789749744e+00,-1.230327690559766429e+00,4.165402069857429002e-01,-8.261555510463176599e-01,2.000000000000000000e+00
-5.675708402131999231e-01,-6.902473484591002961e-01,7.339483010377485517e-01,-8.880697856127254264e-01,-7.060448459953969080e-02,3.076588157133168355e+00,-7.180604322178275600e-01,2.000000000000000000e+00
-1.036089922139580510e+00,-1.035645147926321119e+00,-8.017011043207309395e-01,-1.026076554266875940e+00,-1.121520707849539500e+00,-6.813519646217175429e-02,-7.425347987450338083e-01,2.000000000000000000e+00
-8.776202326644807483e-01,-9.358635614135689673e-01,-1.102346593664994684e-01,-8.722329433081494887e-01,-7.552923270199934924e-01,1.291222640718429959e+00,-7.037837184102918586e-01,2.000000000000000000e+00
