8.728676458474354805e-01,2.849532614921590490e-01,1.254638568091158035e+00,-6.924419235483909585e-01,-1.127082012114992260e+00,-6.717054646183220346e-01,-1.457663404050753286e-01,-3.528768282577752768e-01,-5.864509016728096658e-01,0.000000000000000000e+00
-2.493334693209927899e-01,5.918171803695887467e-01,6.361680303200009101e-01,-1.704602323651848994e-01,1.023190666648076536e-01,-2.621324650761092459e-02,-7.937337619212453399e-01,-3.528768282577752768e-01,-5.864509016728096658e-01,0.000000000000000000e+00
-7.213180559947038883e-01,1.499331371860885276e-01,6.014224944901604974e-01,1.909117076847268724e-01,4.387867303308453648e-01,-1.645330075313346796e-01,-8.289493826558196332e-01,-3.528768282577752768e-01,-5.864509016728096658e-01,0.000000000000000000e+00
-2.328305117449520067e-01,-2.428526789770196204e-01,6.987099948137133199e-01,-3.109937646068174355e-01,-5.297370118106723563e-02,1.121065145161128235e-01,-5.190519201915640979e-01,-3.528768282577752768e-01,-5.864509016728096658e-01,0.000000000000000000e+00
-3.120447081097865727e-01,-1.692053384464380639e-01,6.500662446519370752e-01,-4.113748590651263859e-01,5.552563062152515716e-01,8.136878984417435234e-02,-6.246987823952877550e-01,-3.528768282577752768e-01,-5.864509016728096658e-01,0.000000000000000000e+00
-7.939310693291661281e-01,-7.583840626911035887e-01,6.431171374859688816e-01,3.515214588180212152e-01,4.129046023565390300e-01,2.196885508678980969e-01,-6.246987823952877550e-01,-3.528768282577752768e-01,2.088149767923513256e+00,0.000000000000000000e+00
-3.087441165945637445e-01,-1.323816681811451068e-01,6.361680303200009101e-01,-6.121370479817442867e-01,5.681973702024138984e-01,1.274753768520821562e-01,-5.542675409261390573e-01,-3.528768282577752768e-01,-5.864509016728096658e-01,0.000000000000000000e+00
-2.658364268969602984e-01,-3.165000195076033696e-01,6.431171374859688816e-01,-7.928230180066999644e-01,7.623133300097391096e-01,1.121065145161128235e-01,-5.049656718977346692e-01,-3.528768282577752768e-01,-5.864509016728096658e-01,0.000000000000000000e+00
2.688593985656178575e-01,7.759355316960447890e-01,6.222698159880648561e-01,-1.503840134735230927e-01,-7.388500925003234077e-01,9.673765218014367118e-02,-4.627069270162449399e-01,-3.528768282577752768e-01,-5.864509016728096658e-01,0.000000000000000000e+00
-2.691370184121831266e-01,-5.006183708340615768e-01,6.361680303200009101e-01,-1.704602323651848994e-01,4.387867303308453648e-01,1.121065145161128235e-01,-3.922756855470962978e-01,-3.528768282577752768e-01,5.451109200794808096e-01,0.000000000000000000e+00
-8.764458572092235222e-01,-8.443059599767820389e-01,5.388805299964480877e-01,2.310641454680504581e-01,7.105490740611264400e-01,2.657951378758061090e-01,-6.106125341014583263e-01,-3.528768282577752768e-01,1.882411254877642159e+00,0.000000000000000000e+00
-2.427322862905471612e-01,-7.461095059360044468e-01,6.778626733158092943e-01,-3.511462023901409935e-01,4.646688583051701293e-01,1.582131015240207939e-01,-2.795856991964579263e-01,-3.528768282577752768e-01,-5.864509016728096658e-01,0.000000000000000000e+00
-8.170352099355792097e-01,-6.479130518952268547e-01,5.180332084985440622e-01,-9.015535679853818596e-02,8.140775859583702090e-01,2.965328625477445801e-01,-6.387850306891172947e-01,-3.528768282577752768e-01,1.882411254877642159e+00,0.000000000000000000e+00
-2.922411590185962083e-01,-6.724621654054229181e-01,6.083716016561286910e-01,-3.511462023901409935e-01,7.234901380482704480e-01,6.599992750820501963e-02,-4.063619338409257820e-01,-3.528768282577752768e-01,1.162326459217093877e+00,0.000000000000000000e+00
-2.427322862905471612e-01,-9.793260842828525048e-01,6.292189231540327166e-01,-2.708413268234938220e-01,8.270186499455325357e-01,1.274753768520821562e-01,-3.218444440779476001e-01,-3.528768282577752768e-01,-5.864509016728096658e-01,0.000000000000000000e+00
-2.493334693209927899e-01,-7.338349491809075253e-01,5.944733873241925259e-01,-4.314510779567881649e-01,7.623133300097391096e-01,1.274753768520821562e-01,-3.993188096940110121e-01,-3.528768282577752768e-01,-5.864509016728096658e-01,0.000000000000000000e+00
-1.734198644713077775e-01,-8.934041869971719452e-01,6.848117804817772658e-01,-5.719846101984207287e-01,5.940794981767202332e-01,1.735819638599901404e-01,-1.809819611396502881e-01,-3.528768282577752768e-01,-5.864509016728096658e-01,0.000000000000000000e+00
1.186423839791550749e+00,1.168721347859155157e+00,8.098957094692024183e-01,-1.114042520273288428e+00,-1.670606699575535981e+00,-5.333857035945981373e-01,1.359586254715206000e-01,-3.528768282577752768e-01,-5.864509016728096658e-01,0.000000000000000000e+00
2.457552579592047481e-01,6.040917371246856682e-01,7.265064234775856500e-01,-5.318321724150971708e-01,-6.870858365516923083e-01,-6.717054646183220346e-01,-4.716260234826644138e-02,-3.528768282577752768e-01,-5.864509016728096658e-01,0.000000000000000000e+00
-3.351488487161996543e-01,-4.760692573238677339e-01,5.944733873241925259e-01,4.920549910596532794e-01,1.023190666648076536e-01,6.599992750820501963e-02,-3.641031889594373294e-01,-3.528768282577752768e-01,1.336338939877388943e-01,0.000000000000000000e+00
-2.856399759881506073e-01,-7.215603924258106039e-01,6.014224944901604974e-01,9.053061322641793585e-02,1.282011946391140023e-01,6.599992750820501963e-02,-3.077581957841181159e-01,-3.528768282577752768e-01,1.368064972262964751e+00,0.000000000000000000e+00
4.272877912952869339e-01,1.671978174818139928e+00,7.404046378095217040e-01,-2.318615653772994722e+00,-8.164964764232608418e-01,-7.178120516262298523e-01,3.031176326779696714e-02,-3.528768282577752768e-01,-5.864509016728096658e-01,0.000000000000000000e+00
-3.318482572009768816e-01,-7.706586194462005102e-01,6.500662446519370752e-01,-3.109937646068174355e-01,1.799654505877451016e-01,1.428442391880514750e-01,-1.809819611396502881e-01,-3.528768282577752768e-01,-5.864509016728096658e-01,0.000000000000000000e+00
-2.823393844730010538e-01,-7.338349491809075253e-01,6.153207088220965515e-01,-1.905364512568466784e-01,4.776099222923140819e-01,1.889508261959594593e-01,-2.584563267557136723e-01,-3.528768282577752768e-01,-5.864509016728096658e-01,0.000000000000000000e+00
-3.846577214441754822e-01,-3.418521414036753553e-02,5.666769586603203068e-01,-5.920608290900825077e-01,2.576118345106641616e-01,4.524478164327724351e-03,-3.711463131063520438e-01,-3.528768282577752768e-01,-5.864509016728096658e-01,0.000000000000000000e+00
-2.394316947753243607e-01,-5.251674843442554197e-01,5.944733873241925259e-01,-4.716035157401117228e-01,4.517277943180077471e-01,2.350574132038674435e-01,-3.007150716372034016e-01,-3.528768282577752768e-01,-5.864509016728096658e-01,0.000000000000000000e+00
-1.437145408345223141e-01,-2.428526789770196204e-01,5.527787443283841418e-01,-7.007913790687639310e-02,-1.415050921959851507e-02,1.428442391880514750e-01,-3.711463131063520438e-01,-3.528768282577752768e-01,-5.864509016728096658e-01,0.000000000000000000e+00
-3.813571299290259287e-01,-6.601876086503259966e-01,5.527787443283841418e-01,-2.306888890401702641e-01,5.034920502666387909e-01,9.673765218014367118e-02,-3.711463131063520438e-01,-3.528768282577752768e-01,-5.864509016728096658e-01,0.000000000000000000e+00
-2.262293287145796528e-01,-1.040698868058337112e+00,5.805751729922564719e-01,-2.992670012355281087e-02,6.458437541253513325e-01,1.121065145161128235e-01,-2.936719474902886318e-01,-3.528768282577752768e-01,-5.864509016728096658e-01,0.000000000000000000e+00
-1.734198644713077775e-01,-4.024219167932839847e-01,5.597278514943524463e-01,-3.310699834984792145e-01,2.705528984978264884e-01,1.582131015240207939e-01,-3.288875682248623700e-01,-3.528768282577752768e-01,-5.864509016728096658e-01,0.000000000000000000e+00
-2.262293287145796528e-01,-9.302278572624627095e-01,6.083716016561286910e-01,-2.909175457151556565e-01,5.552563062152515716e-01,1.735819638599901404e-01,-1.880250852865650302e-01,-3.528768282577752768e-01,8.537186896482874543e-01,0.000000000000000000e+00
-2.955417505337457618e-01,-6.970112789156167610e-01,5.666769586603203068e-01,-6.121370479817442867e-01,8.011365219712078822e-01,9.673765218014367118e-02,-2.866288233433726407e-01,-3.528768282577752768e-01,-5.864509016728096658e-01,0.000000000000000000e+00
-2.031251881081665434e-01,-6.847367221605198395e-01,5.527787443283841418e-01,-4.314510779567881649e-01,4.129046023565390300e-01,1.735819638599901404e-01,-2.795856991964579263e-01,-1.714457627947547080e-01,1.676672741831771285e+00,0.000000000000000000e+00
-2.757382014425554528e-01,-1.028424311303240302e+00,5.458296371624162813e-01,-1.303077945818617578e-01,9.564292898170827506e-01,1.582131015240207939e-01,-2.866288233433726407e-01,-3.528768282577752768e-01,3.076463746480329747e-02,0.000000000000000000e+00
-1.767204559865306057e-01,-8.811296302420750237e-01,5.944733873241925259e-01,-2.106126701485084851e-01,3.870224743822326952e-01,1.121065145161128235e-01,-1.457663404050753286e-01,-3.528768282577752768e-01,-5.864509016728096658e-01,0.000000000000000000e+00
-8.896482232699681747e-01,-1.446562249362442210e-01,5.319314228304801162e-01,-4.716035157401117228e-01,1.152601306519516339e-01,9.673765218014367118e-02,-2.725425750495431565e-01,-3.528768282577752768e-01,-5.864509016728096658e-01,0.000000000000000000e+00
2.391540749288324219e-01,5.918171803695887467e-01,5.875242801582243324e-01,-2.507651079318320431e-01,-1.088258820153523487e+00,1.989334050029704926e-02,-1.246369679643311024e-01,-1.311277482474167977e-01,-5.864509016728096658e-01,0.000000000000000000e+00
-1.305121747737043314e-01,-8.197568464665881960e-01,5.527787443283841418e-01,-1.905364512568466784e-01,3.999635383693766477e-01,2.196885508678980969e-01,-1.950682094334797723e-01,-3.528768282577752768e-01,-5.864509016728096658e-01,0.000000000000000000e+00
1.242533895549972289e+00,9.846029965326990041e-01,7.890483879712980597e-01,-1.957243713723082923e+00,-1.140023076102154587e+00,-5.948611529384754126e-01,4.317698396419459850e-01,-3.528768282577752768e-01,-5.864509016728096658e-01,0.000000000000000000e+00
1.242533895549972289e+00,9.846029965326990041e-01,7.890483879712980597e-01,-1.957243713723082923e+00,-1.140023076102154587e+00,-5.948611529384754126e-01,4.317698396419459850e-01,-3.528768282577752768e-01,-5.864509016728096658e-01,0.000000000000000000e+00
-1.437145408345223141e-01,-7.583840626911035887e-01,5.666769586603203068e-01,-6.522894857650674005e-01,4.905509862794764642e-01,2.196885508678980969e-01,-1.316800921112458445e-01,-3.528768282577752768e-01,-5.864509016728096658e-01,0.000000000000000000e+00
-2.691370184121831266e-01,-8.565805167318789604e-01,5.110841013325757576e-01,-4.916797346317735573e-01,7.105490740611264400e-01,1.428442391880514750e-01,-2.232407060211387406e-01,-3.528768282577752768e-01,-5.864509016728096658e-01,0.000000000000000000e+00
-1.899228220473485607e-01,-2.428526789770196204e-01,4.902367798346717875e-01,-2.306888890401702641e-01,1.411422586262763568e-01,1.428442391880514750e-01,-2.584563267557136723e-01,-3.528768282577752768e-01,-5.864509016728096658e-01,0.000000000000000000e+00
1.232632121004377135e+00,3.954242722880335625e-01,8.029466023032341138e-01,-1.455338241431538560e+00,-1.152964140089298706e+00,-5.026479789226594441e-01,5.515029501394991263e-01,-3.528768282577752768e-01,-5.864509016728096658e-01,0.000000000000000000e+00
-1.668186814409354513e-01,-8.320314032216851174e-01,5.180332084985440622e-01,-5.117559535234352808e-01,3.870224743822326952e-01,1.889508261959594593e-01,-1.387232162581605865e-01,-3.528768282577752768e-01,2.499626794015255449e+00,0.000000000000000000e+00
2.094487512919736560e-01,1.008349101657008140e-01,5.527787443283841418e-01,-1.905364512568466784e-01,-9.070839243333422841e-01,8.136878984417435234e-02,3.031176326779696714e-02,-3.528768282577752768e-01,-5.864509016728096658e-01,0.000000000000000000e+00
1.071304143207992693e-01,-2.674017924872156282e-01,4.763385655027356225e-01,-5.318321724150971708e-01,8.937800267764527129e-02,1.121065145161128235e-01,-8.942134722975614292e-02,-3.528768282577752768e-01,1.059457202694158440e+00,0.000000000000000000e+00
2.741002443451309389e+00,7.145627479205601817e-01,7.056591019796816244e-01,-1.475414460323200450e+00,-1.398844355845273224e+00,-7.331809139621991989e-01,6.078479433148182842e-01,-3.528768282577752768e-01,4.422416635565454279e-01,0.000000000000000000e+00
1.275539810701980414e+00,-2.428526789770196204e-01,7.543028521414578691e-01,-1.314804709189905996e+00,-8.553196683847296145e-01,-5.641234282665368305e-01,7.487104262531155685e-01,-3.528768282577752768e-01,-5.864509016728096658e-01,0.000000000000000000e+00
2.028475682616013021e-01,2.113059209615753276e-01,4.624403511707995129e-01,-4.314510779567881649e-01,-7.388500925003234077e-01,1.428442391880514750e-01,-3.307635405443695720e-02,-3.528768282577752768e-01,-5.864509016728096658e-01,0.000000000000000000e+00
1.595697187676541340e+00,3.831497155329366411e-01,7.195573163116176785e-01,-1.876938838156435807e+00,-1.165905204076461033e+00,-6.255988776104141058e-01,7.768829228407758691e-01,-3.528768282577752768e-01,1.059457202694158440e+00,0.000000000000000000e+00
2.952641306872538229e-01,-2.551272357321187068e-01,4.485421368388634034e-01,-3.310699834984792145e-01,-3.765003008599610013e-01,1.582131015240207939e-01,1.289155013246058579e-01,-3.528768282577752768e-01,5.451109200794808096e-01,0.000000000000000000e+00
-9.420566810647323930e-02,2.718756963511708910e-02,1.288832072043327726e-01,-5.117559535234352808e-01,2.446707705235201535e-01,8.136878984417435234e-02,5.144113570854118994e-02,-3.528768282577752768e-01,-5.864509016728096658e-01,0.000000000000000000e+00
1.511485834328794332e-03,-3.287745762627002910e-01,1.080358857064284278e-01,-3.310699834984792145e-01,2.576118345106641616e-01,8.136878984417435234e-02,7.961363229620141424e-02,-3.528768282577752768e-01,-5.864509016728096658e-01,0.000000000000000000e+00
-1.932234135625713889e-01,-2.428526789770196204e-01,8.718856420852438838e-02,-3.109937646068174355e-01,4.258456663437014122e-01,1.989334050029704926e-02,4.439801156162644785e-02,-3.528768282577752768e-01,3.393724070336098242e-01,0.000000000000000000e+00
-2.229287371993568523e-01,-1.175718992364407800e+00,1.769749254884375039e-02,-3.109937646068174355e-01,1.357602273418913930e+00,9.673765218014367118e-02,7.257050814928667215e-02,-3.528768282577752768e-01,1.882411254877642159e+00,0.000000000000000000e+00
-2.051456436620776813e+00,-5.128929275891584982e-01,5.458296371624162813e-01,-6.522894857650674005e-01,4.258456663437014122e-01,1.889508261959594593e-01,-4.274913062816712572e-01,-3.528768282577752768e-01,2.602496050538191330e+00,0.000000000000000000e+00
-4.139620386327464568e-02,-6.601876086503259966e-01,5.527787443283841418e-01,-3.109937646068174355e-01,3.870224743822326952e-01,1.582131015240207939e-01,-3.711463131063520438e-01,-3.528768282577752768e-01,-5.864509016728096658e-01,0.000000000000000000e+00
-2.724376099274058993e-01,8.856035341060389254e-02,7.334555306435538435e-01,-5.519083913067589497e-01,4.387867303308453648e-01,1.428442391880514750e-01,-6.528712789829479446e-01,-3.528768282577752768e-01,-5.864509016728096658e-01,0.000000000000000000e+00
-2.724376099274058993e-01,-2.191065738527061060e-02,6.778626733158092943e-01,-5.117559535234352808e-01,1.799654505877451016e-01,1.121065145161128235e-01,-4.838362994569904152e-01,-3.528768282577752768e-01,5.451109200794808096e-01,0.000000000000000000e+00
2.259517088680144392e-01,2.358550344717691705e-01,6.500662446519370752e-01,-6.723657046567291795e-01,-1.415050921959851507e-02,-5.487545659305674839e-01,-1.387232162581605865e-01,-3.528768282577752768e-01,-5.864509016728096658e-01,0.000000000000000000e+00
4.635942979625180538e-01,4.936207263288111546e-01,6.222698159880648561e-01,-2.507651079318320431e-01,-1.204728396037929805e+00,-5.794922906025061771e-01,-2.021113335803945144e-01,1.038094673625382658e+00,-5.864509016728096658e-01,0.000000000000000000e+00
1.107209643426716239e+00,1.253840236758946569e-01,8.168448166351702788e-01,-1.134118739164950096e+00,-1.114140948127829933e+00,-4.104348049068436977e-01,4.106404672012005097e-01,-3.528768282577752768e-01,5.451109200794808096e-01,0.000000000000000000e+00
1.288742176762798453e+00,9.355047695123092089e-01,7.820992808053300882e-01,-1.334880928081567886e+00,-1.683547763562698307e+00,-7.639186386341378920e-01,5.162873294049241668e-01,-3.528768282577752768e-01,-5.864509016728096658e-01,0.000000000000000000e+00
1.107209643426716239e+00,8.856035341060389254e-02,7.334555306435538435e-01,-1.093966301381626538e+00,-8.294375404104048499e-01,-4.872791165866902641e-01,4.599423362296049533e-01,-3.528768282577752768e-01,1.336338939877388943e-01,0.000000000000000000e+00
8.662664628170630987e-01,3.463260452676436563e-01,6.292189231540327166e-01,-6.522894857650674005e-01,-8.941428603461982760e-01,-6.255988776104141058e-01,3.120367291443928992e-01,-3.528768282577752768e-01,-5.864509016728096658e-01,0.000000000000000000e+00
1.041197813122699767e+00,-4.392455870585748046e-01,6.709135661498411007e-01,-1.154194958056611986e+00,-5.576751966801422045e-01,-4.719102542507209175e-01,6.289773157555624827e-01,-3.528768282577752768e-01,1.162326459217093877e+00,0.000000000000000000e+00
1.041197813122699767e+00,-4.392455870585748046e-01,6.709135661498411007e-01,-1.154194958056611986e+00,-4.282645568085920451e-01,-4.719102542507209175e-01,6.289773157555624827e-01,-3.528768282577752768e-01,1.162326459217093877e+00,0.000000000000000000e+00
1.041197813122699767e+00,-3.533236897728962989e-01,6.222698159880648561e-01,-1.093966301381626538e+00,-5.835573246544485393e-01,-4.104348049068436977e-01,6.078479433148182842e-01,-3.528768282577752768e-01,1.059457202694158440e+00,0.000000000000000000e+00
1.529685357372451593e+00,-1.201071114260481854e-01,6.222698159880648561e-01,-1.254576052514920992e+00,-8.553196683847296145e-01,-5.794922906025061771e-01,8.543572884568392256e-01,-3.528768282577752768e-01,-2.778431321040031876e-01,0.000000000000000000e+00
-8.665440826635549820e-01,1.782449185614014331e+00,6.848117804817772658e-01,5.924360855179622298e-01,-1.010612436230586164e+00,-5.180168412586287907e-01,-1.124760596826245074e+00,-3.528768282577752768e-01,6.479801766024162468e-01,1.000000000000000000e+00
3.781799250155989250e-02,2.849532614921590490e-01,8.237939238011384724e-01,-3.511462023901409935e-01,-8.941428603461982760e-01,6.599992750820501963e-02,-4.486206787224154557e-01,-3.528768282577752768e-01,2.705365307061126767e+00,1.000000000000000000e+00
-8.038328438747612825e-01,-3.901473600381870632e-01,6.292189231540327166e-01,1.507592699014033144e-01,5.811384341895579064e-01,2.657951378758061090e-01,-7.937337619212453399e-01,-3.528768282577752768e-01,-5.864509016728096658e-01,1.000000000000000000e+00
-6.784103662971004978e-01,-8.328344116075742098e-02,6.153207088220965515e-01,2.511403643597122648e-01,2.834939624849888706e-01,1.735819638599901404e-01,-7.514750170397562767e-01,-3.528768282577752768e-01,-5.864509016728096658e-01,1.000000000000000000e+00
-7.939310693291661281e-01,-4.760692573238677339e-01,6.083716016561286910e-01,1.909117076847268724e-01,5.940794981767202332e-01,3.426394495556525643e-01,-7.444318928928408408e-01,-3.528768282577752768e-01,-5.864509016728096658e-01,1.000000000000000000e+00
-8.137346184203564370e-01,-4.760692573238677339e-01,6.222698159880648561e-01,1.306830510097415077e-01,6.070205621638826710e-01,2.965328625477445801e-01,-7.021731480113517776e-01,-3.528768282577752768e-01,-5.864509016728096658e-01,1.000000000000000000e+00
-6.322020850842742234e-01,3.946212639021401403e-02,6.431171374859688816e-01,1.909117076847268724e-01,-3.376771088984922842e-01,2.504262755398367624e-01,-6.528712789829479446e-01,-3.528768282577752768e-01,-5.864509016728096658e-01,1.000000000000000000e+00
-6.916127323579184250e-01,-5.006183708340615768e-01,6.222698159880648561e-01,1.909117076847268724e-01,2.317297065363577990e-01,1.735819638599901404e-01,-6.458281548360332858e-01,-3.528768282577752768e-01,-5.864509016728096658e-01,1.000000000000000000e+00
-7.378210135707446993e-01,6.286408506348795111e-01,5.805751729922564719e-01,-3.912986401734646069e-01,2.964350264721328787e-01,-1.952707322032733450e-01,-7.162593963051813173e-01,-3.528768282577752768e-01,8.537186896482874543e-01,1.000000000000000000e+00
-8.137346184203564370e-01,-7.215603924258106039e-01,5.805751729922564719e-01,9.136555877845504714e-01,2.705528984978264884e-01,2.965328625477445801e-01,-6.951300238644370078e-01,-3.528768282577752768e-01,-5.864509016728096658e-01,1.000000000000000000e+00
-8.071334353899840552e-01,-6.724621654054229181e-01,5.805751729922564719e-01,1.355332403401109831e+00,1.173161875470783537e-02,2.965328625477445801e-01,-6.951300238644370078e-01,-3.528768282577752768e-01,-5.864509016728096658e-01,1.000000000000000000e+00
-8.038328438747612825e-01,-1.937544519566319068e-01,5.319314228304801162e-01,-2.992670012355281087e-02,6.717258820996576674e-01,1.735819638599901404e-01,-7.726043894805004753e-01,-3.528768282577752768e-01,-5.864509016728096658e-01,1.000000000000000000e+00
-6.289014935691247254e-01,2.638456124923239682e-03,6.014224944901604974e-01,-3.912986401734646069e-01,2.058475785620514364e-01,2.811640002117754000e-01,-6.035694099545435565e-01,-3.528768282577752768e-01,-5.864509016728096658e-01,1.000000000000000000e+00
-8.005322523595385098e-01,-3.901473600381870632e-01,5.805751729922564719e-01,2.109879265763886791e-01,2.834939624849888706e-01,2.811640002117754000e-01,-6.387850306891172947e-01,-3.528768282577752768e-01,3.393724070336098242e-01,1.000000000000000000e+00
-1.411141682671801734e+00,1.033701223553086690e+00,2.817635648556298666e-01,1.275027527834462715e+00,-4.800288127572047703e-01,9.266562183224865690e-01,-1.321968072939862182e+00,-3.528768282577752768e-01,-5.864509016728096658e-01,1.000000000000000000e+00
-6.982139153882908067e-01,-5.873432765056356419e-02,6.222698159880648561e-01,9.053061322641793585e-02,8.937800267764527129e-02,-7.231983351551882211e-02,-5.260950443384788677e-01,-3.528768282577752768e-01,-5.864509016728096658e-01,1.000000000000000000e+00
-8.830470402395957930e-01,-2.060290087117288560e-01,5.597278514943524463e-01,5.037817544309435014e-02,7.752543939969014364e-01,-1.799018698673039984e-01,-6.528712789829479446e-01,-3.528768282577752768e-01,-5.864509016728096658e-01,1.000000000000000000e+00
-6.322020850842742234e-01,-9.636100630173685677e-03,5.597278514943524463e-01,1.507592699014033144e-01,-1.209445232436143864e-03,2.657951378758061090e-01,-6.176556582483729851e-01,-3.528768282577752768e-01,4.422416635565454279e-01,1.000000000000000000e+00
-7.213180559947038883e-01,-4.883438140789646553e-01,5.666769586603203068e-01,7.045439433475614299e-02,3.093760904592952055e-01,1.582131015240207939e-01,-5.894831616607140168e-01,-3.528768282577752768e-01,-5.864509016728096658e-01,1.000000000000000000e+00
-6.487050426603150344e-01,-1.052973424813434145e+00,5.527787443283841418e-01,8.534269311095654675e-01,7.493722660225951016e-01,2.043196885319287781e-01,-6.176556582483729851e-01,-3.528768282577752768e-01,3.393724070336098242e-01,1.000000000000000000e+00
1.471385189514676575e-02,-5.865402681197422474e-01,7.334555306435538435e-01,-6.723657046567291795e-01,-4.800288127572047703e-01,2.196885508678980969e-01,2.139266680138000084e-03,-3.528768282577752768e-01,1.676672741831771285e+00,1.000000000000000000e+00
-7.642257456923806647e-01,-6.233639383850330118e-01,5.249823156645119226e-01,1.022573765977076964e-02,5.293741782409452368e-01,-8.768869585148814094e-02,-4.838362994569904152e-01,-3.528768282577752768e-01,-5.864509016728096658e-01,1.000000000000000000e+00
-8.203358014508020934e-01,-3.533236897728962989e-01,5.041349941666078971e-01,2.712165832513740438e-01,7.881954579840638742e-01,-6.563366022823526880e-01,-3.993188096940110121e-01,-3.528768282577752768e-01,1.368064972262964751e+00,1.000000000000000000e+00
-8.137346184203564370e-01,-2.060290087117288560e-01,4.554912440048313194e-01,5.037817544309435014e-02,5.811384341895579064e-01,-1.645330075313346796e-01,-5.190519201915640979e-01,-3.528768282577752768e-01,-5.864509016728096658e-01,1.000000000000000000e+00
-6.850115493275461542e-01,-8.565805167318789604e-01,4.485421368388634034e-01,9.053061322641793585e-02,8.140775859583702090e-01,2.657951378758061090e-01,-5.049656718977346692e-01,-3.528768282577752768e-01,-5.864509016728096658e-01,1.000000000000000000e+00
7.742509068394051730e-02,-5.873432765056356419e-02,5.180332084985440622e-01,-2.992670012355281087e-02,-5.059109407315111051e-01,1.989334050029704926e-02,-2.514132026087989580e-01,-3.528768282577752768e-01,-5.864509016728096658e-01,1.000000000000000000e+00
1.471385189514676575e-02,-4.760692573238677339e-01,6.500662446519370752e-01,-7.727467991150381854e-01,-4.023824288342673361e-01,2.196885508678980969e-01,1.218723771776911158e-01,-3.528768282577752768e-01,9.565879461712227805e-01,1.000000000000000000e+00
-3.087441165945637445e-01,-1.482582911241837387e+00,3.929492795111188541e-01,-5.719846101984207287e-01,1.163486313611570289e+00,1.889508261959594593e-01,-4.011947820135169929e-02,-3.528768282577752768e-01,1.882411254877642159e+00,1.000000000000000000e+00
-4.869760584154231298e-01,-9.056787437522688666e-01,1.358323143703006886e-01,5.322074288429768929e-01,7.234901380482704480e-01,3.580083118916218554e-01,-2.936719474902886318e-01,-3.528768282577752768e-01,-5.864509016728096658e-01,1.000000000000000000e+00
-8.430389356087808483e-02,-5.497165978544492626e-01,1.914251716980451823e-01,-2.992670012355281087e-02,3.481992824207639781e-01,1.582131015240207939e-01,-1.175938438174163603e-01,-7.065072642640989053e-02,-5.864509016728096658e-01,1.000000000000000000e+00
-5.991961699322659873e-01,-8.074822897114912745e-01,1.149849928723966352e-01,-9.850481231891019748e-03,8.011365219712078822e-01,1.121065145161128235e-01,-1.175938438174163603e-01,-1.311277482474167977e-01,1.676672741831771285e+00,1.000000000000000000e+00
-3.516518062921671905e-01,-1.298464559915379235e+00,2.464659971481196823e-02,3.715976777096825501e-01,2.834939624849888706e-01,3.119017248837138712e-01,1.923036186468397857e-01,-3.528768282577752768e-01,-5.864509016728096658e-01,1.000000000000000000e+00
-5.459856992409261450e-02,-9.670515275277555833e-01,5.244302837868391326e-02,-1.234499833623259102e+00,1.499953977277626471e+00,-2.260084568752119827e-01,3.261229774382223834e-01,-3.528768282577752768e-01,1.470934228785900411e+00,1.000000000000000000e+00
2.932436751332986979e+00,4.813461695737142332e-01,3.234582078514382508e-01,-1.575795554781509011e+00,-2.692950754560848203e+00,-6.409677399463833414e-01,1.889696538053328823e+00,-3.528768282577752768e-01,-5.864509016728096658e-01,1.000000000000000000e+00
1.892750424044616020e+00,5.181698398390049976e-01,1.497305287022367981e-01,-5.519083913067589497e-01,-1.942369043305798515e+00,-6.409677399463833414e-01,1.291030985565561950e+00,-3.528768282577752768e-01,-5.864509016728096658e-01,1.000000000000000000e+00
2.107288872532706581e+00,-2.403174667874126147e+00,-1.865510549428499809e+00,8.735031500012268024e-01,-5.964983886416109771e-01,4.809592105793764616e-01,3.016596401559711094e+00,-3.528768282577752768e-01,2.911103820106998086e+00,1.000000000000000000e+00
4.252673357413464750e+00,-3.286942754241122255e+00,-1.865510549428499809e+00,1.315179965617786273e+00,-3.676471617584673446e+00,1.274753768520821562e-01,3.058855146441200823e+00,5.997210462947944798e+00,2.293888280969384574e+00,1.000000000000000000e+00
5.137231883487389794e+00,-1.359837343690863731e+00,-1.865510549428499809e+00,-8.932041124650088593e-01,-3.223534378034229597e+00,-5.794922906025061771e-01,5.094318024899605390e+00,-3.528768282577752768e-01,1.882411254877642159e+00,1.000000000000000000e+00
1.272239219186757753e+00,1.254643245144835717e+00,-1.865510549428499809e+00,-8.932041124650088593e-01,2.467268274187020549e-02,-6.102300152744447592e-01,1.805179048290349364e+00,-3.528768282577752768e-01,2.365031505106743592e-01,1.000000000000000000e+00
-6.119975295446496155e-02,3.831497155329366411e-01,-1.865510549428499809e+00,-1.776557743698126801e+00,2.328182072455595275e+00,-7.639186386341378920e-01,1.431893468503860678e+00,-3.528768282577752768e-01,-5.864509016728096658e-01,1.000000000000000000e+00
2.731100668905714457e+00,-2.673214916486263082e+00,-1.865510549428499809e+00,-1.354957146973229554e+00,7.234901380482704480e-01,-7.639186386341378920e-01,4.030806278715455271e+00,-3.528768282577752768e-01,-5.864509016728096658e-01,1.000000000000000000e+00
2.978645032545812921e+00,-2.930980608343304983e+00,-1.865510549428499809e+00,-1.395109584756553112e+00,5.552563062152515716e-01,-7.639186386341378920e-01,4.228013754829072823e+00,-3.528768282577752768e-01,-5.864509016728096658e-01,1.000000000000000000e+00
3.104067510123473816e+00,-9.425024140175596310e-01,-1.865510549428499809e+00,-1.555719335889847343e+00,-8.164964764232608418e-01,-6.717054646183220346e-01,3.833598802601838607e+00,-3.528768282577752768e-01,-5.864509016728096658e-01,1.000000000000000000e+00
1.830440191704109931e-01,6.401123990041004963e-02,7.959974951372662533e-01,-3.712224212818027724e-01,-1.306200851040046629e-01,1.121065145161128235e-01,-5.260950443384788677e-01,-3.528768282577752768e-01,8.537186896482874543e-01,1.000000000000000000e+00
3.451740098633707815e-02,-3.778728032830901418e-01,8.932849954608191867e-01,-5.117559535234352808e-01,-2.729717889627171767e-01,1.582131015240207939e-01,-3.711463131063520438e-01,-3.528768282577752768e-01,-5.864509016728096658e-01,1.000000000000000000e+00
3.121680947111426380e-02,2.638456124923239682e-03,8.376921381330746375e-01,-2.306888890401702641e-01,-3.506181728856546109e-01,1.989334050029704926e-02,-4.767931753100757009e-01,-3.528768282577752768e-01,-5.864509016728096658e-01,1.000000000000000000e+00
-2.489324628730714764e-02,-2.060290087117288560e-01,8.446412452990424979e-01,-7.007913790687639310e-02,-4.153234928214297184e-01,8.136878984417435234e-02,-4.556638028693302256e-01,-3.528768282577752768e-01,4.422416635565454279e-01,1.000000000000000000e+00
-4.242648196266293747e-01,3.831497155329366411e-01,6.917608876477454594e-01,7.329696177595947937e-01,-7.647322204746297425e-01,2.196885508678980969e-01,-7.585181411866709356e-01,-3.528768282577752768e-01,-5.864509016728096658e-01,1.000000000000000000e+00
-5.397855226586950605e-01,-1.323816681811451068e-01,6.639644589838732402e-01,1.708354887930650934e-01,-1.565022130783110255e-01,2.350574132038674435e-01,-6.528712789829479446e-01,-3.528768282577752768e-01,2.396757537492319567e+00,1.000000000000000000e+00
-6.090979444778611418e-01,1.867568074513814846e-01,6.153207088220965515e-01,5.037817544309435014e-02,-2.600307249755547945e-01,2.196885508678980969e-01,-7.021731480113517776e-01,-3.528768282577752768e-01,-5.864509016728096658e-01,1.000000000000000000e+00
2.461562644074192022e-02,-1.937544519566319068e-01,7.473537449754896755e-01,-2.507651079318320431e-01,-3.247360449113299019e-01,1.274753768520821562e-01,-3.781894372532668136e-01,-3.528768282577752768e-01,-5.864509016728096658e-01,1.000000000000000000e+00
-5.727914378107032967e-01,-5.865402681197422474e-01,5.944733873241925259e-01,3.515214588180212152e-01,3.999635383693766477e-01,2.196885508678980969e-01,-6.528712789829479446e-01,-3.528768282577752768e-01,1.573803485308835848e+00,1.000000000000000000e+00
-4.935772414458687307e-01,-2.183035654668257775e-01,5.944733873241925259e-01,7.045439433475614299e-02,2.446707705235201535e-01,9.673765218014367118e-02,-6.035694099545435565e-01,-3.528768282577752768e-01,-5.864509016728096658e-01,1.000000000000000000e+00
-4.275654111418522030e-01,8.856035341060389254e-02,5.527787443283841418e-01,5.322074288429768929e-01,-1.694432770654734077e-01,1.889508261959594593e-01,-6.810437755706069130e-01,-3.528768282577752768e-01,-5.864509016728096658e-01,1.000000000000000000e+00
1.123712601002756939e+00,-2.551272357321187068e-01,6.917608876477454594e-01,-5.920608290900825077e-01,1.282011946391140023e-01,6.599992750820501963e-02,-3.077581957841181159e-01,-3.528768282577752768e-01,-5.864509016728096658e-01,1.000000000000000000e+00
1.170321888663944376e-01,-5.865402681197422474e-01,6.778626733158092943e-01,2.310641454680504581e-01,-1.823843410526173880e-01,1.274753768520821562e-01,-2.866288233433726407e-01,-3.528768282577752768e-01,6.479801766024162468e-01,1.000000000000000000e+00
-5.595890717498853695e-01,-5.742657113646453260e-01,6.431171374859688816e-01,-3.712224212818027724e-01,1.282011946391140023e-01,9.673765218014367118e-02,-2.514132026087989580e-01,-3.528768282577752768e-01,-5.864509016728096658e-01,1.000000000000000000e+00
8.068558155434188972e-01,4.567970560635181698e-01,-2.811141155877828202e-01,-2.992670012355281087e-02,-8.553196683847296145e-01,-1.084438417164160055e-02,6.289773157555624827e-01,-3.528768282577752768e-01,1.162326459217093877e+00,1.000000000000000000e+00
7.639481258458153956e-01,1.744822506962845354e-01,-4.131471517411758887e-01,4.519025532763297215e-01,-6.094394526287548741e-01,5.063106517223570080e-02,4.317698396419459850e-01,1.914163681312865406e-01,1.162326459217093877e+00,1.000000000000000000e+00
6.055197331161463747e-01,7.022881911654632603e-01,-9.273810820228119978e-01,3.715976777096825501e-01,-1.152964140089298706e+00,-1.645330075313346796e-01,1.129039130186520357e+00,-3.528768282577752768e-01,1.265195715740029314e+00,1.000000000000000000e+00
1.123712601002756939e+00,4.199733857982274055e-01,-1.163650725665726027e+00,-1.704602323651848994e-01,-5.964983886416109771e-01,-2.567461815471505648e-01,1.537540330707584113e+00,-3.528768282577752768e-01,-5.864509016728096658e-01,1.000000000000000000e+00
2.566071093145672943e+00,3.586006020227405777e-01,-1.865510549428499809e+00,-1.704602323651848994e-01,-1.825899467421410849e+00,-4.719102542507209175e-01,3.157458884498008711e+00,-3.528768282577752768e-01,4.422416635565454279e-01,1.000000000000000000e+00
-7.770271053050574472e-02,2.718756963511708910e-02,9.002341026267870472e-01,-5.318321724150971708e-01,-2.082664690269421248e-01,1.274753768520821562e-01,-5.683537892199685970e-01,-3.528768282577752768e-01,-5.864509016728096658e-01,1.000000000000000000e+00
-1.206104002281091908e-01,3.708751587778397196e-01,8.654885667969468566e-01,1.909117076847268724e-01,-1.088258820153523487e+00,6.599992750820501963e-02,-5.260950443384788677e-01,-3.528768282577752768e-01,9.565879461712227805e-01,1.000000000000000000e+00
-8.430389356087808483e-02,-9.555799791585434244e-02,8.098957094692024183e-01,-3.912986401734646069e-01,1.670243866005827194e-01,3.526220283626637503e-02,-5.894831616607140168e-01,-3.528768282577752768e-01,-5.864509016728096658e-01,1.000000000000000000e+00
-1.569169068953402968e-01,-2.674017924872156282e-01,8.446412452990424979e-01,-2.909175457151556565e-01,-4.153234928214297184e-01,8.136878984417435234e-02,-3.641031889594373294e-01,-3.528768282577752768e-01,2.293888280969384574e+00,1.000000000000000000e+00
-1.008068511369188680e-01,-5.006183708340615768e-01,7.751501736393618947e-01,-7.325943613317146275e-01,5.423152422280891338e-01,9.673765218014367118e-02,-4.063619338409257820e-01,-3.528768282577752768e-01,6.479801766024162468e-01,1.000000000000000000e+00
-4.143630450810342203e-01,-6.356384951401299332e-01,6.500662446519370752e-01,2.511403643597122648e-01,3.999635383693766477e-01,1.735819638599901404e-01,-5.965262858076287866e-01,-3.528768282577752768e-01,-5.864509016728096658e-01,1.000000000000000000e+00
-5.364849311434721768e-01,-7.583840626911035887e-01,5.805751729922564719e-01,1.909117076847268724e-01,9.176060978556139780e-01,2.504262755398367624e-01,-7.444318928928408408e-01,-3.528768282577752768e-01,-5.864509016728096658e-01,1.000000000000000000e+00
-5.364849311434721768e-01,-6.601876086503259966e-01,6.083716016561286910e-01,3.916738966013443290e-01,6.329026901381890058e-01,2.350574132038674435e-01,-6.810437755706069130e-01,-3.528768282577752768e-01,-5.864509016728096658e-01,1.000000000000000000e+00
-4.836754669002735763e-01,-9.555799791585434244e-02,5.944733873241925259e-01,3.314452399263594362e-01,-1.435611490911486432e-01,2.811640002117754000e-01,-5.965262858076287866e-01,-3.528768282577752768e-01,-5.864509016728096658e-01,1.000000000000000000e+00
4.771976704715504697e-02,-2.551272357321187068e-01,6.570153518179049357e-01,-7.526705802233764064e-01,2.317297065363577990e-01,1.121065145161128235e-01,-3.852325614001815279e-01,-1.714457627947547080e-01,1.162326459217093877e+00,1.000000000000000000e+00
-5.760920293258527947e-01,-6.847367221605198395e-01,5.736260658262881673e-01,-9.850481231891019748e-03,4.646688583051701293e-01,2.811640002117754000e-01,-5.120087960446494391e-01,-2.319227846157615736e-01,1.985280511400577819e+00,1.000000000000000000e+00
-4.209642281114065465e-01,-5.006183708340615768e-01,5.458296371624162813e-01,6.928171799762712357e-01,8.937800267764527129e-02,2.504262755398367624e-01,-5.472244167792243985e-01,-3.528768282577752768e-01,-5.864509016728096658e-01,1.000000000000000000e+00
-5.826932123562984511e-01,-5.128929275891584982e-01,3.443055293493426094e-01,-4.314510779567881649e-01,4.129046023565390300e-01,1.274753768520821562e-01,-1.035075955235856271e-01,-3.528768282577752768e-01,1.882411254877642159e+00,1.000000000000000000e+00
8.112668864701135310e-03,-6.847367221605198395e-01,6.848117804817772658e-01,-4.113748590651263859e-01,-1.047379571296983281e-01,1.889508261959594593e-01,-1.950682094334797723e-01,-3.528768282577752768e-01,3.013973076629933079e+00,1.000000000000000000e+00
-2.229287371993568523e-01,2.972278182472559704e-01,6.778626733158092943e-01,-6.723657046567291795e-01,1.540833226134203371e-01,-5.948611529384754126e-01,-2.514132026087989580e-01,-3.528768282577752768e-01,-5.864509016728096658e-01,2.000000000000000000e+00
-7.477227881163398537e-01,-9.555799791585434244e-02,5.875242801582243324e-01,-2.106126701485084851e-01,2.467268274187020549e-02,9.673765218014367118e-02,-4.415775545755007414e-01,-3.528768282577752768e-01,-5.864509016728096658e-01,2.000000000000000000e+00
-5.496872972042902150e-01,-2.060290087117288560e-01,6.153207088220965515e-01,-1.303077945818617578e-01,6.349587470333892258e-02,9.673765218014367118e-02,-3.641031889594373294e-01,-3.528768282577752768e-01,4.422416635565454279e-01,2.000000000000000000e+00
-6.388032681147198799e-01,-1.531681138262225073e+00,5.805751729922564719e-01,-1.905364512568466784e-01,3.093760904592952055e-01,1.121065145161128235e-01,-3.007150716372034016e-01,-3.528768282577752768e-01,-5.864509016728096658e-01,2.000000000000000000e+00
-5.661902547802576402e-01,-3.287745762627002910e-01,5.319314228304801162e-01,6.325885233012857878e-01,-2.212075330140861051e-01,1.582131015240207939e-01,-4.063619338409257820e-01,-3.528768282577752768e-01,1.162326459217093877e+00,2.000000000000000000e+00
9.586830252426422616e-01,1.119623120838767472e+00,8.446412452990424979e-01,-1.234499833623259102e+00,-1.489431803755354666e+00,-7.639186386341378920e-01,3.754248464666268270e-01,-3.528768282577752768e-01,-5.864509016728096658e-01,2.000000000000000000e+00
-1.899228220473485607e-01,2.849532614921590490e-01,6.709135661498411007e-01,-1.595871773673170901e+00,4.517277943180077471e-01,-6.717054646183220346e-01,-1.899010576060747649e-02,-3.528768282577752768e-01,-5.864509016728096658e-01,2.000000000000000000e+00
-7.477227881163398537e-01,1.491301288002016417e-02,4.971858870006396480e-01,-4.515272968484499438e-01,5.055481071617655420e-02,1.428442391880514750e-01,-4.486206787224154557e-01,-3.528768282577752768e-01,-5.864509016728096658e-01,2.000000000000000000e+00
-4.704731008394556491e-01,-6.724621654054229181e-01,6.222698159880648561e-01,-2.708413268234938220e-01,-5.297370118106723563e-02,1.735819638599901404e-01,-1.175938438174163603e-01,-3.528768282577752768e-01,-5.864509016728096658e-01,2.000000000000000000e+00
-6.289014935691247254e-01,-4.515201438136738910e-01,4.971858870006396480e-01,-3.712224212818027724e-01,4.646688583051701293e-01,3.526220283626637503e-02,-2.654994509026284422e-01,-3.528768282577752768e-01,-5.864509016728096658e-01,2.000000000000000000e+00
-5.991961699322659873e-01,2.638456124923239682e-03,4.902367798346717875e-01,-3.310699834984792145e-01,-1.415050921959851507e-02,3.526220283626637503e-02,-2.161975818742239985e-01,-3.528768282577752768e-01,-5.864509016728096658e-01,2.000000000000000000e+00
9.388794761514519527e-01,7.636609749409478676e-01,7.473537449754896755e-01,-1.736405305914803465e+00,-1.114140948127829933e+00,-5.948611529384754126e-01,4.881148328172651985e-01,-3.528768282577752768e-01,-5.864509016728096658e-01,2.000000000000000000e+00
-1.998245965929437151e-01,1.499331371860885276e-01,5.041349941666078971e-01,1.507592699014033144e-01,-7.906143484489361883e-01,1.274753768520821562e-01,-1.175938438174163603e-01,-3.528768282577752768e-01,-5.864509016728096658e-01,2.000000000000000000e+00
-1.338127662889271596e-01,1.131094669207977493e-01,4.693894583367674289e-01,3.715976777096825501e-01,-9.200249883205047219e-01,1.121065145161128235e-01,-1.035075955235856271e-01,-3.528768282577752768e-01,3.393724070336098242e-01,2.000000000000000000e+00
-1.499147174171199144e-02,-9.555799791585434244e-02,4.554912440048313194e-01,1.909117076847268724e-01,-6.612037085773859735e-01,9.673765218014367118e-02,2.326863912088222505e-02,-3.528768282577752768e-01,-5.864509016728096658e-01,2.000000000000000000e+00
3.216688628088164581e-01,2.849532614921590490e-01,5.944733873241925259e-01,-1.395109584756553112e+00,-1.209445232436143864e-03,-5.180168412586287907e-01,-4.716260234826644138e-02,-5.049171915274097699e-02,1.882411254877642159e+00,2.000000000000000000e+00
1.235932712519599797e+00,9.600538830225030518e-01,7.612519593074257296e-01,-1.073890082489964870e+00,-1.670606699575535981e+00,-4.104348049068436977e-01,1.289155013246058579e-01,-3.528768282577752768e-01,3.219711589675804397e+00,2.000000000000000000e+00
-1.064579573575678006e+00,7.391118614307540247e-01,-3.149828949060286872e-03,4.125850610450433997e+00,-3.572943105687429899e+00,1.818050233808706562e+00,-2.174186094716564099e+00,4.082104771949394362e+00,-5.864509016728096658e-01,3.000000000000000000e+00
2.589576240200227031e-01,-8.320314032216851174e-01,-5.799257237244090923e-01,8.333507122179036886e-01,5.055481071617655420e-02,1.582131015240207939e-01,7.980122952815200676e-01,-3.528768282577752768e-01,-5.864509016728096658e-01,3.000000000000000000e+00
1.103909051911493355e+00,-2.268154543568055903e+00,-5.590784022265050668e-01,2.310641454680504581e-01,2.705528984978264884e-01,-4.158210884358025383e-02,1.727704682674285896e+00,-3.528768282577752768e-01,-5.864509016728096658e-01,3.000000000000000000e+00
1.037897221607476883e+00,-2.918706051588208172e+00,-6.772132240479620258e-01,2.310641454680504581e-01,1.021134609752857747e+00,1.274753768520821562e-01,1.875610289759497951e+00,-3.528768282577752768e-01,-5.864509016728096658e-01,3.000000000000000000e+00
4.371895658408820884e-01,-9.425024140175596310e-01,-1.865510549428499809e+00,4.117501154930061080e-01,1.422307593354688926e+00,-1.799018698673039984e-01,1.812222172437264023e+00,-3.528768282577752768e-01,-5.864509016728096658e-01,3.000000000000000000e+00
-5.628896632651081422e-01,-6.724621654054229181e-01,-1.865510549428499809e+00,7.731220555429183516e-01,1.590541425187707913e+00,7.268610079548852854e-01,8.543572884568392256e-01,-3.528768282577752768e-01,-5.864509016728096658e-01,3.000000000000000000e+00
5.197043537209394826e-01,-1.692053384464380639e-01,-1.865510549428499809e+00,6.325885233012857878e-01,4.905509862794764642e-01,-4.158210884358025383e-02,1.664316565352051969e+00,-3.528768282577752768e-01,-5.864509016728096658e-01,3.000000000000000000e+00
1.757426171921359970e+00,3.946212639021401403e-02,-1.865510549428499809e+00,2.712165832513740438e-01,-5.576751966801422045e-01,-2.721150438831198559e-01,2.312283986868222119e+00,-3.528768282577752768e-01,-5.864509016728096658e-01,3.000000000000000000e+00
-1.718096693585471346e+00,-4.760692573238677339e-01,-1.865510549428499809e+00,3.202344541433992831e+00,-2.809420330445235869e+00,8.780144872002805911e+00,-1.406485562702840975e+00,-3.528768282577752768e-01,-5.864509016728096658e-01,3.000000000000000000e+00
-1.701593736009503921e+00,-5.006183708340615768e-01,-1.865510549428499809e+00,3.162192103650669051e+00,-2.524716922727811230e+00,8.780144872002805911e+00,-1.427614935143585839e+00,-3.528768282577752768e-01,-5.864509016728096658e-01,3.000000000000000000e+00
6.814333379657581125e-01,-3.418521414036753553e-02,-1.865510549428499809e+00,-9.015535679853818596e-02,-5.188520047186735429e-01,-2.567461815471505648e-01,2.495405214688009021e+00,-3.528768282577752768e-01,-5.864509016728096658e-01,3.000000000000000000e+00
7.309422106938071595e-01,-6.847367221605198395e-01,-7.467042957076425180e-01,1.455713497859418393e+00,-6.094394526287548741e-01,4.041148988995298397e-01,5.233304535518389367e-01,1.309393463102796196e-01,4.659881180996901406e+00,3.000000000000000000e+00
9.322782931210796820e-01,-5.374420410993523411e-01,-1.636190012951553863e+00,1.306830510097415077e-01,9.564292898170827506e-01,-5.641234282665368305e-01,1.629100944617477120e+00,-3.528768282577752768e-01,2.293888280969384574e+00,3.000000000000000000e+00
2.259517088680144392e-01,7.268373046756571032e-01,-2.046739367621339678e-01,2.310641454680504581e-01,-3.635592368727986190e-01,-7.639186386341378920e-01,4.317698396419459850e-01,-3.528768282577752768e-01,-5.864509016728096658e-01,4.000000000000000000e+00
3.315706373544849428e-01,4.690716128186150913e-01,-1.907757224301978582e-01,-5.117559535234352808e-01,1.411422586262763568e-01,-7.639186386341378920e-01,5.726323225802433248e-01,-3.528768282577752768e-01,-5.864509016728096658e-01,4.000000000000000000e+00
-2.489324628730714764e-02,1.291466915410128591e+00,-3.089105442516547617e-01,3.515214588180212152e-01,-3.506181728856546109e-01,-7.639186386341378920e-01,2.134329910875840119e-01,-3.528768282577752768e-01,-5.864509016728096658e-01,4.000000000000000000e+00
5.102035856237786132e-02,8.373083154715316168e-01,-3.436560800814952299e-01,4.318263343846679425e-01,2.467268274187020549e-02,-7.639186386341378920e-01,2.556917359690736857e-01,-3.528768282577752768e-01,-5.864509016728096658e-01,4.000000000000000000e+00
-1.774206749343892664e+00,1.217819574879545064e+00,-6.563659025500577782e-01,1.909117076847268724e-01,2.457592712327145268e+00,-7.639186386341378920e-01,-9.627687414472028138e-01,-3.528768282577752768e-01,-5.864509016728096658e-01,4.000000000000000000e+00
1.698416531095930382e-01,1.942018423430278862e+00,-1.323480190482991370e+00,5.924360855179622298e-01,-1.953254050397797426e-01,-7.639186386341378920e-01,6.994085572247111804e-01,-3.528768282577752768e-01,-5.864509016728096658e-01,4.000000000000000000e+00
2.622582155352455313e-01,9.109556560021152549e-01,-1.865510549428499809e+00,1.295103746726123939e+00,1.152601306519516339e-01,-7.639186386341378920e-01,1.354419102887797210e+00,-3.528768282577752768e-01,-5.864509016728096658e-01,4.000000000000000000e+00
4.371895658408820884e-01,1.414212482961100026e+00,-1.865510549428499809e+00,-1.776557743698126801e+00,1.072898865701488846e+00,-7.639186386341378920e-01,1.593885323882903382e+00,-3.528768282577752768e-01,-5.864509016728096658e-01,4.000000000000000000e+00
-2.381515588140933115e+00,4.875637487898504929e+00,-1.865510549428499809e+00,-2.218234559314685495e+00,3.570524215222539155e+00,-7.639186386341378920e-01,-1.624822411257202281e+00,-3.528768282577752768e-01,-5.864509016728096658e-01,4.000000000000000000e+00
-2.328706123897734681e+00,3.463260452676436563e-01,3.582037436812787190e-01,7.329696177595947937e-01,2.058475785620514364e-01,1.941001132496461112e+00,-2.484083557180819746e+00,2.046045037308830139e+00,-5.864509016728096658e-01,5.000000000000000000e+00
4.812077349551609554e-03,1.119623120838767472e+00,3.998983866770867701e-01,1.556094592317727621e+00,-1.812958403434248522e+00,1.479935262417381603e+00,-2.230531087891883146e+00,2.933041357350264278e+00,-5.864509016728096658e-01,5.000000000000000000e+00
1.579194230100500640e+00,3.946212639021401403e-02,4.554912440048313194e-01,-4.314510779567881649e-01,-3.506181728856546109e-01,1.582131015240207939e-01,-8.942134722975614292e-02,-3.528768282577752768e-01,-5.864509016728096658e-01,5.000000000000000000e+00
1.354754007066814925e+00,1.782449185614014331e+00,-3.367069729155270363e-01,1.234875090051139157e+00,-3.094123738162660953e+00,4.041148988995298397e-01,5.655891984333285549e-01,-3.528768282577752768e-01,-5.864509016728096658e-01,5.000000000000000000e+00
1.744223805860542154e+00,2.923982963838052562e+00,-5.938239380563452574e-01,-2.708413268234938220e-01,-2.874125650381011088e+00,-2.874839062190892025e-01,-2.443700784618842159e-01,3.033836393718609248e+00,-5.864509016728096658e-01,5.000000000000000000e+00
-7.378210135707446993e-01,5.795426236144918253e-01,-6.285694738861855591e-01,6.928171799762712357e-01,5.811384341895579064e-01,-7.639186386341378920e-01,-2.021113335803945144e-01,1.179207724541065261e+00,-5.864509016728096658e-01,5.000000000000000000e+00
-7.741275202379758191e-01,1.770174628858917520e+00,-1.865510549428499809e+00,1.877314094584315418e+00,8.140775859583702090e-01,-7.639186386341378920e-01,-1.387232162581605865e-01,9.372996372570379098e-01,3.393724070336098242e-01,5.000000000000000000e+00
-7.048150984187364632e-01,9.723284397775999732e-01,-1.865510549428499809e+00,2.700439069142448467e+00,1.047016737727164193e+00,-7.024431892902606167e-01,5.848425985545593203e-02,4.534834626889829301e-01,3.393724070336098242e-01,5.000000000000000000e+00
-3.879583129593982549e-01,1.647429061307946085e+00,-1.865510549428499809e+00,1.114417776701168261e+00,4.776099222923140819e-01,-7.639186386341378920e-01,-3.007150716372034016e-01,2.852405328255588568e+00,2.365031505106743592e-01,5.000000000000000000e+00
-5.067796075066867134e-01,1.414212482961100026e+00,-1.865510549428499809e+00,1.074265338917844703e+00,8.270186499455325357e-01,-7.639186386341378920e-01,-3.077581957841181159e-01,2.812087313708250935e+00,1.336338939877388943e-01,5.000000000000000000e+00
-9.622612366044303034e-01,8.986810992470183335e-01,-1.865510549428499809e+00,2.479600661334169232e+00,9.564292898170827506e-01,-6.409677399463833414e-01,7.961363229620141424e-02,8.768226154360310165e-01,-7.210461905813216055e-02,5.000000000000000000e+00
-9.259547299371992946e-01,5.672680668593926834e-01,-1.865510549428499809e+00,2.198533596850904104e+00,7.493722660225951016e-01,-5.487545659305674839e-01,3.190798532913076135e-01,1.280002760909410231e+00,-4.835816451498741730e-01,5.000000000000000000e+00
-3.615535808378356197e-01,1.586056277532459147e+00,-1.865510549428499809e+00,1.797009219017668302e+00,8.140775859583702090e-01,-7.639186386341378920e-01,-4.903857466777992308e-03,9.776176518043758756e-01,-5.864509016728096658e-01,5.000000000000000000e+00
-1.008469517817256689e+00,1.193270461369351221e+00,-1.865510549428499809e+00,2.439448223550845452e+00,5.811384341895579064e-01,-7.024431892902606167e-01,8.665675644311615633e-02,9.372996372570379098e-01,-5.864509016728096658e-01,5.000000000000000000e+00
-7.510233796315626265e-01,1.966567536940472705e+00,-1.865510549428499809e+00,2.138304940175918212e+00,5.164331142537827990e-01,-6.870743269542912701e-01,-8.942134722975614292e-02,7.155505572466794861e-01,-5.864509016728096658e-01,5.000000000000000000e+00
-1.084383122666868315e+00,2.138411331511834046e+00,-1.865510549428499809e+00,1.616323248992712625e+00,1.098780993675795292e+00,-7.639186386341378920e-01,-4.345344304285859716e-01,9.171406299833689824e-01,-5.864509016728096658e-01,5.000000000000000000e+00
-6.057973529627115328e-01,-1.789446830119266973e+00,-1.865510549428499809e+00,-5.117559535234352808e-01,3.272879743517969953e+00,3.385674192077576361e+00,-1.899010576060747649e-02,-3.528768282577752768e-01,-5.864509016728096658e-01,5.000000000000000000e+00
-1.064579573575678006e+00,1.770174628858917520e+00,-1.865510549428499809e+00,1.957618970150962534e+00,1.383484401393220153e+00,-7.639186386341378920e-01,-3.993188096940110121e-01,7.760275790676863794e-01,-5.864509016728096658e-01,5.000000000000000000e+00
-5.892943953866708329e-01,1.708801845083432802e+00,-1.865510549428499809e+00,1.094341557809506593e+00,5.940794981767202332e-01,-7.639186386341378920e-01,-4.767931753100757009e-01,3.094313415539616141e+00,-5.864509016728096658e-01,5.000000000000000000e+00
-7.246186475099267721e-01,1.892920196409888955e+00,-1.865510549428499809e+00,1.656475686776036182e+00,8.399597139326765438e-01,-7.639186386341378920e-01,-1.739388369927342970e-01,9.977766590780448031e-01,-5.864509016728096658e-01,5.000000000000000000e+00
-3.450506232617948088e-01,1.892920196409888955e+00,-1.865510549428499809e+00,7.128933988679330147e-01,4.387867303308453648e-01,-7.639186386341378920e-01,-2.443700784618842159e-01,2.771769299160912858e+00,-5.864509016728096658e-01,5.000000000000000000e+00
-6.322020850842742234e-01,1.880645639654791923e+00,-1.865510549428499809e+00,8.534269311095654675e-01,5.940794981767202332e-01,-7.639186386341378920e-01,-2.021113335803945144e-01,2.429066175508540315e+00,-5.864509016728096658e-01,5.000000000000000000e+00
-1.829206325686151893e-02,1.205545018124448031e+00,-1.865510549428499809e+00,7.530458366512565727e-01,2.705528984978264884e-01,1.403090950737534870e+00,-1.751598645901670803e+00,5.452917266558882758e+00,-5.864509016728096658e-01,5.000000000000000000e+00
-6.487050426603150344e-01,1.180995904614251968e+00,-1.865510549428499809e+00,2.600057974684140127e+00,2.576118345106641616e-01,-7.639186386341378920e-01,3.472523498789665819e-01,7.357095645203484136e-01,-5.864509016728096658e-01,5.000000000000000000e+00
-7.048150984187364632e-01,8.986810992470183335e-01,-1.865510549428499809e+00,2.881125039167403923e+00,-5.297370118106723563e-02,-6.409677399463833414e-01,1.570879979122648262e-01,1.783977942751134194e+00,-5.864509016728096658e-01,5.000000000000000000e+00
-5.001784244762410570e-01,1.856096526144598080e+00,-1.865510549428499809e+00,1.094341557809506593e+00,5.293741782409452368e-01,-7.639186386341378920e-01,-3.922756855470962978e-01,2.852405328255588568e+00,-5.864509016728096658e-01,5.000000000000000000e+00
7.540463513002202411e-01,1.168721347859155157e+00,-1.865510549428499809e+00,1.154570214484491819e+00,9.952524817785514122e-01,-7.639186386341378920e-01,-3.641031889594373294e-01,2.953200364623933094e+00,-5.864509016728096658e-01,5.000000000000000000e+00
-6.123985359930839145e-01,1.193270461369351221e+00,-1.865510549428499809e+00,9.939604633511975873e-01,1.241132697534507834e+00,-7.639186386341378920e-01,-3.359306923717770843e-01,2.812087313708250935e+00,-5.864509016728096658e-01,5.000000000000000000e+00
-4.143630450810342203e-01,1.009152110042892847e+00,-1.865510549428499809e+00,1.275027527834462715e+00,9.176060978556139780e-01,-7.639186386341378920e-01,-2.373269543149694738e-01,3.013677386444939987e+00,-5.864509016728096658e-01,5.000000000000000000e+00
